No	Time_Offset	Type	ID	Data_Length	One	Two	Three	Four	Five	Six	Seven	Eight
1	0.000	0	0153	8	00	80	10	FF	00	FF	30	BE
2	0.213	0	04F2	8	20	00	A0	38	00	00	00	B6
3	0.469	0	0220	8	E6	23	04	24	09	30	FF	0F
4	0.725	0	04F0	8	00	00	26	00	00	6F	5D	00
5	1.877	0	02B0	5	E6	FF	00	07	D2	-1	-1	-1
6	2.133	0	0165	8	08	08	80	00	00	00	02	82
7	2.389	0	0316	8	05	2C	1C	0C	2C	1E	00	7F
8	2.944	0	018F	8	00	16	2C	00	00	4D	00	00
9	3.200	0	0080	8	00	17	1C	0C	2C	1E	2C	AA
10	3.456	0	0081	8	40	84	45	00	00	00	00	DA
11	3.669	0	0260	8	05	2C	00	30	2E	9C	5F	2F
12	3.925	0	02A0	8	C2	00	45	90	B2	2B	60	0B
13	4.181	0	0329	8	0F	A1	81	8C	11	2D	00	10
14	4.394	0	0370	8	FF	20	00	80	FF	00	00	EC
15	4.650	0	043F	8	00	40	60	FF	51	7C	0B	00
16	4.992	0	0440	8	FF	F0	00	00	FF	7C	0B	00
17	5.205	0	04F0	8	00	00	DA	00	00	83	4F	0E
18	5.461	0	0545	8	D8	1D	00	8B	79	00	7D	00
19	5.674	0	04B1	8	59	9E	EA	01	00	00	00	E2
20	5.930	0	0164	8	00	08	00	00	00	00	05	0D
21	6.186	0	059B	8	00	00	00	00	00	00	00	C4
22	6.442	0	0350	8	05	68	05	44	46	20	00	4A
23	10.880	0	0153	8	00	80	10	FF	00	FF	40	CE
24	11.136	0	01F1	8	00	99	00	00	00	00	00	00
25	11.392	0	0220	8	E6	2B	07	04	0C	00	FF	0F
26	11.861	0	0316	8	05	2C	1C	0C	2C	1E	00	7F
27	12.074	0	0165	8	05	28	80	00	00	00	03	AE
28	12.842	0	018F	8	00	16	2C	00	00	4D	00	00
29	13.056	0	0080	8	00	17	1C	0C	2C	1E	2C	9B
30	13.312	0	0081	8	40	84	45	00	00	00	00	CB
31	13.567	0	0110	8	D0	3C	40	09	00	00	00	00
32	13.951	0	0260	8	05	2C	00	30	2E	9C	5F	3E
33	14.165	0	02A0	8	62	00	45	90	B2	2B	60	0B
34	14.378	0	02B0	5	E5	FF	00	07	F3	-1	-1	-1
35	14.591	0	0329	8	0F	A1	81	8C	11	2D	00	10
36	14.847	0	0370	8	FF	20	00	80	FF	00	00	A0
37	15.103	0	0382	8	40	FE	0F	00	00	00	00	08
38	15.359	0	043F	8	00	40	60	FF	51	7C	0B	00
39	15.573	0	0440	8	FF	00	00	00	FF	80	0B	00
40	15.829	0	04B0	8	00	80	00	80	00	40	00	80
41	16.810	0	0164	8	00	08	00	00	00	00	06	0E
42	17.023	0	04F2	8	20	00	60	38	00	00	00	EE
43	17.279	0	0545	8	D8	1D	00	8B	78	00	7C	00
44	17.535	0	0587	8	00	00	00	00	00	00	00	09
45	19.967	0	0153	8	00	80	10	FF	00	FF	50	DE
46	20.181	0	04F2	8	20	00	B0	38	00	00	00	B7
47	20.437	0	0220	8	E9	33	0B	04	0C	00	FF	0F
48	20.693	0	04F0	8	00	00	28	00	00	6F	5D	00
49	21.845	0	02B0	5	E5	FF	00	07	84	-1	-1	-1
50	22.058	0	0165	8	01	38	80	00	00	00	04	BD
51	22.314	0	043F	8	00	40	60	FF	51	84	0B	00
52	22.869	0	0316	8	05	2C	28	0C	2C	1E	00	7F
53	23.039	0	0050	4	00	83	00	00	-1	-1	-1	-1
54	23.295	0	0080	8	00	17	28	0C	2C	1E	2C	BC
55	23.551	0	0081	8	40	84	45	00	00	00	00	BC
56	23.765	0	018F	8	00	16	2C	00	00	4D	00	00
57	24.021	0	0260	8	05	2C	00	30	2E	9C	5F	01
58	24.277	0	02A0	8	02	00	45	90	B2	2B	60	0B
59	24.490	0	0329	8	0F	A1	81	8C	11	2D	00	10
60	24.746	0	0370	8	FF	20	00	80	FF	00	00	64
61	25.002	0	0440	8	FF	50	00	00	FF	8C	0B	00
62	25.258	0	04F0	8	00	00	DC	00	00	83	4F	0E
63	25.471	0	04B1	8	59	9E	EA	01	00	00	00	E2
64	25.727	0	0164	8	00	08	00	00	00	00	07	0F
65	25.983	0	04F1	8	40	19	00	00	00	00	00	00
66	26.239	0	0545	8	D8	1D	00	8B	77	00	7C	00
67	26.453	0	051A	8	00	03	00	00	00	00	00	00
68	26.709	0	0690	8	03	00	00	20	80	00	18	00
69	26.965	0	0350	8	05	68	15	44	46	20	00	5A
70	29.951	0	0153	8	00	80	10	FF	00	FF	60	EE
71	30.207	0	01F1	8	00	99	00	00	00	00	00	00
72	30.933	0	0220	8	EC	3B	09	14	0C	00	FF	0F
73	31.829	0	02B0	5	E5	FF	00	07	95	-1	-1	-1
74	32.085	0	0165	8	FE	57	80	00	00	00	05	2C
75	32.341	0	043F	8	00	40	60	FF	51	84	0B	00
76	32.895	0	0370	8	FF	20	00	80	FF	00	00	28
77	33.151	0	0018	8	00	00	00	60	00	00	20	00
78	33.407	0	018F	8	00	16	2C	00	00	4D	00	00
79	33.663	0	0080	8	00	17	28	0C	2C	1E	2C	AD
80	33.919	0	0081	8	40	84	45	00	00	00	00	AD
81	34.133	0	0260	8	05	2C	00	30	2E	9C	5F	10
82	34.389	0	02A0	8	A2	00	45	90	B2	2B	60	0B
83	34.602	0	0316	8	05	2C	28	0C	2C	1E	00	7F
84	34.943	0	0329	8	0F	A1	81	8C	11	2D	00	10
85	35.199	0	0382	8	40	FE	0F	00	00	00	00	0C
86	35.455	0	0440	8	FF	A0	00	00	FF	88	0B	00
87	35.668	0	04B0	8	00	C0	00	80	00	40	00	80
88	35.967	0	0164	8	00	08	00	00	00	00	08	00
89	36.180	0	04F2	8	20	00	60	38	00	00	00	EF
90	36.436	0	0545	8	D8	1D	00	89	78	00	7D	00
91	39.892	0	0153	8	00	80	10	FF	00	FF	70	FE
92	40.148	0	04F2	8	20	00	B0	38	00	00	00	B8
93	40.362	0	0220	8	ED	03	07	3C	0C	00	FF	0F
94	40.618	0	04F0	8	00	00	2A	00	00	6F	5D	00
95	40.874	0	04F1	8	00	12	03	00	00	00	00	00
96	41.172	0	0690	8	03	00	00	20	80	00	08	00
97	41.855	0	02B0	5	E5	FF	00	07	A6	-1	-1	-1
98	42.068	0	0165	8	FA	47	80	00	00	00	06	3B
99	42.324	0	02A0	8	C2	00	45	90	B2	2B	60	0B
100	42.922	0	0260	8	05	2C	00	30	2E	9C	5F	2F
