No	Time_Offset	Type	ID	Data_Length	One	Two	Three	Four	Five	Six	Seven	Eight
1	0.000	0	0164	8	00	08	00	00	00	00	00	08
2	0.256	0	04F2	8	20	00	20	38	00	00	00	DB
3	0.512	0	0545	8	D8	1D	00	8B	7F	00	89	00
4	3.285	0	0153	8	00	80	10	FF	00	FF	C0	4E
5	3.541	0	04F2	8	20	00	70	38	00	00	00	A4
6	3.797	0	0220	8	E6	03	07	24	0C	10	04	10
7	4.053	0	04F0	8	00	00	02	00	00	6F	5D	00
8	4.309	0	04F1	8	00	12	03	00	00	00	00	00
9	4.565	0	0690	8	03	00	00	20	80	00	38	00
10	5.163	0	02B0	5	E5	FF	00	07	2E	-1	-1	-1
11	5.419	0	0165	8	0C	08	80	00	00	00	0E	8A
12	5.675	0	0316	8	05	2D	1C	0C	2D	1E	00	7F
13	6.229	0	02A0	8	C2	00	45	90	B2	2B	60	0B
14	6.485	0	0080	8	00	17	1C	0C	2D	1E	2D	C6
15	6.699	0	0081	8	40	84	45	00	00	00	00	16
16	6.955	0	018F	8	00	16	2D	00	00	4D	00	00
17	7.211	0	0260	8	05	2D	00	30	2E	9B	65	28
18	7.424	0	0329	8	85	A1	81	8C	11	2D	00	10
19	7.680	0	0370	8	FF	20	00	80	FF	00	00	EC
20	7.893	0	043F	8	00	40	60	FF	51	48	0B	00
21	8.149	0	0440	8	FF	F0	00	00	FF	4C	0B	00
22	9.301	0	04F0	8	00	00	B6	00	00	83	4F	0E
23	9.557	0	0545	8	D8	1D	00	8B	80	00	83	00
24	9.813	0	04B1	8	59	9E	EA	01	00	00	00	E2
25	10.069	0	0164	8	00	08	00	00	00	00	01	09
26	10.283	0	0350	8	05	68	E5	44	46	20	00	AA
27	13.227	0	0153	8	00	80	10	FF	00	FF	D0	5E
28	13.483	0	01F1	8	00	99	00	00	00	00	00	00
29	14.421	0	0220	8	E7	0B	03	14	0C	20	03	10
30	15.146	0	05E4	3	00	00	00	-1	-1	-1	-1	-1
31	15.402	0	0165	8	0C	08	80	00	00	00	0F	8B
32	15.658	0	02A0	8	62	00	45	90	B2	2B	60	0B
33	16.256	0	0080	8	00	17	14	0C	2D	1E	2D	37
34	16.469	0	0081	8	40	84	45	00	00	00	00	07
35	16.725	0	018F	8	00	16	2D	00	00	4D	00	00
36	16.981	0	0260	8	05	2D	00	30	2E	9B	65	37
37	17.152	0	02B0	5	E5	FF	00	07	3F	-1	-1	-1
38	17.408	0	0316	8	05	2D	14	0C	2D	1E	00	7F
39	17.621	0	0329	8	85	A1	81	8C	11	2D	00	10
40	17.877	0	0370	8	FF	20	00	80	FF	00	00	A0
41	18.133	0	0382	8	40	FE	0F	00	00	00	00	00
42	18.346	0	043F	8	00	40	60	FF	51	50	0B	00
43	18.602	0	0440	8	FF	00	00	00	FF	58	0B	00
44	18.858	0	04B0	8	00	00	00	80	00	40	00	80
45	19.114	0	0164	8	00	08	00	00	00	00	02	0A
46	19.370	0	04F2	8	20	00	20	38	00	00	00	DC
47	19.584	0	0545	8	D8	1D	00	8B	81	00	84	00
48	22.272	0	02C0	8	3D	00	00	00	00	00	00	00
49	23.253	0	0153	8	00	80	10	FF	00	FF	E0	6E
50	23.509	0	0220	8	E9	13	05	04	0C	10	00	10
51	24.618	0	04F2	8	20	00	70	38	00	00	00	A5
52	24.874	0	04F0	8	00	00	04	00	00	6F	5D	00
53	25.216	0	02B0	5	E5	FF	00	07	C0	-1	-1	-1
54	25.472	0	0165	8	0C	08	80	00	00	00	00	84
55	25.685	0	02A0	8	02	00	45	90	B2	2B	60	0B
56	26.240	0	0080	8	00	17	14	0C	2D	1E	2D	28
57	26.496	0	0034	8	00	00	00	00	00	00	00	00
58	26.752	0	0081	8	40	84	45	00	00	00	00	F8
59	27.008	0	018F	8	00	16	2D	00	00	4D	00	00
60	27.264	0	0260	8	05	2D	00	30	2E	9B	65	0A
61	27.520	0	0316	8	05	2D	14	0C	2D	1E	00	7F
62	27.733	0	0329	8	85	A1	81	8C	11	2D	00	10
63	27.989	0	0370	8	FF	20	00	80	FF	00	00	64
64	28.202	0	043F	8	00	40	60	FF	51	44	0B	00
65	28.458	0	0440	8	FF	50	00	00	FF	38	0B	00
66	28.714	0	04F0	8	00	00	B8	00	00	83	4F	0E
67	28.928	0	04B1	8	59	9E	EA	01	00	00	00	E2
68	29.184	0	0164	8	00	08	00	00	00	00	03	0B
69	29.440	0	0545	8	D8	1D	00	8B	80	00	83	00
70	30.250	0	0350	8	05	68	F5	44	46	20	00	BA
71	33.280	0	0153	8	00	80	10	FF	00	FF	00	8E
72	33.536	0	01F1	8	00	99	00	00	00	00	00	00
73	34.304	0	0220	8	E9	1B	08	24	0C	30	FF	0F
74	35.242	0	02B0	5	E5	FF	00	07	D1	-1	-1	-1
75	35.498	0	0165	8	0C	F8	7F	00	00	00	01	8A
76	35.711	0	043F	8	00	40	60	FF	51	44	0B	00
77	36.266	0	0370	8	FF	20	00	80	FF	00	00	28
78	36.522	0	0440	8	FF	A0	00	00	FF	48	0B	00
79	36.778	0	0316	8	05	2C	14	0C	2D	1E	00	7F
80	36.991	0	0329	8	85	A1	81	8C	11	2D	00	10
81	37.290	0	018F	8	00	16	2D	00	00	4D	00	00
82	37.503	0	0080	8	00	17	14	0C	2C	1E	2D	29
83	37.759	0	0081	8	40	84	45	00	00	00	00	E9
84	38.015	0	0260	8	05	2D	00	30	2E	9B	63	1B
85	38.229	0	02A0	8	A2	00	45	90	B2	2B	60	0B
86	38.485	0	0382	8	40	FE	0F	00	00	00	00	04
87	38.741	0	04F2	8	20	00	20	38	00	00	00	DD
88	38.997	0	04B0	8	00	40	00	80	00	40	00	80
89	39.253	0	0164	8	00	08	00	00	00	00	04	0C
90	39.509	0	0510	8	00	00	00	00	00	00	00	00
91	39.722	0	0545	8	D8	1D	00	8B	79	00	82	00
92	40.277	0	00A0	8	5C	70	1C	0C	00	23	00	02
93	41.258	0	00A1	8	7F	81	80	80	2E	00	00	00
94	43.263	0	0153	8	00	80	10	FF	00	FF	10	9E
95	43.477	0	04F2	8	20	00	70	38	00	00	00	A6
96	43.733	0	0220	8	E9	23	06	14	0C	00	FF	0F
97	43.946	0	04F0	8	00	00	06	00	00	6F	5D	00
98	45.226	0	02B0	5	E5	FF	00	07	E2	-1	-1	-1
99	45.482	0	0165	8	0C	08	80	00	00	00	02	86
100	45.695	0	0316	8	05	2C	F8	0B	2D	1E	00	7F
