No	Time_Offset	Type	ID	Data_Length	One	Two	Three	Four	Five	Six	Seven	Eight
1	0.000	0	0153	8	00	80	10	FF	00	FF	A0	2E
2	0.256	0	01F1	8	00	99	00	00	00	00	00	00
3	0.470	0	0220	8	EA	1B	0A	2C	09	10	03	10
4	0.982	0	02B0	5	E5	FF	00	07	59	-1	-1	-1
5	1.280	0	0165	8	0C	F8	7F	00	00	00	09	82
6	2.048	0	0316	8	05	2C	3C	0C	2C	1E	00	7F
7	2.262	0	0260	8	05	2C	00	30	2E	9B	59	17
8	2.518	0	02A0	8	A2	00	45	90	B2	2B	60	0B
9	3.115	0	0080	8	00	17	3C	0C	2C	1E	2C	11
10	3.371	0	0081	8	40	84	45	00	00	00	00	61
11	3.584	0	018F	8	00	16	2C	00	00	4D	00	00
12	3.840	0	0329	8	40	A2	81	8C	11	2D	00	10
13	4.096	0	0370	8	FF	20	00	80	FF	00	00	28
14	4.352	0	0382	8	40	FE	0F	00	00	00	00	04
15	4.566	0	043F	8	00	40	60	FF	50	50	0B	00
16	4.822	0	0440	8	FF	A0	00	00	FF	58	0B	00
17	5.078	0	04F2	8	20	00	60	38	00	00	00	81
18	5.334	0	04B0	8	00	40	00	C0	00	40	00	80
19	5.590	0	0164	8	00	08	00	00	00	00	0C	04
20	5.846	0	0510	8	00	00	00	00	00	00	00	00
21	6.102	0	0545	8	D8	15	00	8B	6D	00	70	00
22	9.941	0	04F2	8	20	00	B0	38	00	00	00	CA
23	10.155	0	0153	8	00	80	10	FF	00	FF	B0	3E
24	10.411	0	04F0	8	00	00	4E	00	00	6F	5D	00
25	10.667	0	0220	8	EA	23	07	1C	0C	20	03	10
26	10.965	0	02B0	5	E5	FF	00	07	6A	-1	-1	-1
27	11.221	0	0165	8	0D	F8	7F	00	00	00	0A	80
28	12.075	0	0316	8	05	2C	34	0C	2C	1E	00	7F
29	12.331	0	0260	8	05	2C	00	30	2E	9B	59	26
30	12.544	0	018F	8	00	16	2C	00	00	4D	00	00
31	13.099	0	0080	8	00	17	34	0C	2C	1E	2C	82
32	13.355	0	0081	8	40	84	45	00	00	00	00	52
33	13.568	0	02A0	8	C2	00	45	90	B2	2B	60	0B
34	13.824	0	0329	8	40	A2	81	8C	11	2D	00	10
35	14.123	0	0370	8	FF	20	00	80	FF	00	00	EC
36	14.379	0	043F	8	00	40	60	FF	50	54	0B	00
37	14.635	0	00A0	8	5F	71	3A	0C	00	23	00	02
38	14.848	0	00A1	8	7E	81	80	80	2F	00	00	00
39	15.104	0	0440	8	FF	F0	00	00	FF	58	0B	00
40	15.360	0	04B1	8	59	9E	EA	01	00	00	00	E2
41	15.616	0	0164	8	00	08	00	00	00	00	0D	05
42	15.829	0	04F0	8	00	00	02	00	00	83	4F	0E
43	16.085	0	0545	8	D8	1D	00	8B	6E	00	71	00
44	16.341	0	0350	8	05	68	45	44	46	20	00	0A
45	16.597	0	0042	8	FF	1E	FF	FF	00	00	00	00
46	17.109	0	0043	8	01	40	00	00	00	00	00	90
47	17.365	0	0044	8	00	00	00	FF	3F	00	00	00
48	20.053	0	0153	8	00	80	10	FF	00	FF	C0	4E
49	20.309	0	01F1	8	00	99	00	00	00	00	00	00
50	20.565	0	0220	8	E8	2B	01	0C	0C	10	03	10
51	21.035	0	02B0	5	E5	FF	00	07	7B	-1	-1	-1
52	22.059	0	0165	8	0D	F8	7F	00	00	00	0B	81
53	22.315	0	0316	8	05	2C	34	0C	2C	1E	00	7F
54	22.528	0	018F	8	00	16	2C	00	00	4D	00	00
55	22.784	0	0260	8	05	2C	00	30	2E	9B	59	35
56	22.997	0	0080	8	00	17	34	0C	2C	1E	2C	73
57	23.253	0	0081	8	40	84	45	00	00	00	00	43
58	23.509	0	02A0	8	62	00	45	90	B2	2B	60	0B
59	23.723	0	0329	8	40	A2	81	8C	11	2D	00	10
60	23.979	0	0370	8	FF	20	00	80	FF	00	00	A0
61	24.235	0	0382	8	40	FE	0F	00	00	00	00	08
62	24.491	0	043F	8	00	40	60	FF	50	5C	0B	00
63	24.747	0	0440	8	FF	00	00	00	FF	64	0B	00
64	24.960	0	04F2	8	20	00	60	38	00	00	00	82
65	25.216	0	0545	8	D8	1D	00	8C	6F	00	72	00
66	25.472	0	04B0	8	00	80	00	C0	00	40	00	80
67	25.728	0	0164	8	00	08	00	00	00	00	0E	06
68	29.909	0	04F2	8	20	00	B0	38	00	00	00	CB
69	30.165	0	0153	8	00	80	10	FF	00	FF	D0	5E
70	30.421	0	04F0	8	00	00	50	00	00	6F	5D	00
71	30.634	0	0220	8	E8	33	00	1C	0C	10	03	10
72	31.018	0	02B0	5	E5	FF	00	07	0C	-1	-1	-1
73	31.274	0	0165	8	0D	F8	7F	00	00	00	0C	86
74	32.085	0	0316	8	05	2C	34	0C	2C	1E	00	7F
75	32.341	0	018F	8	00	16	2C	00	00	4D	00	00
76	32.554	0	0260	8	05	2C	00	30	2E	9B	59	08
77	33.109	0	0080	8	00	17	34	0C	2C	1E	2C	64
78	33.365	0	0081	8	40	84	45	00	00	00	00	34
79	33.578	0	02A0	8	02	00	45	90	B2	2B	60	0B
80	33.834	0	0329	8	85	A2	81	8C	11	2D	00	10
81	34.048	0	0370	8	FF	20	00	80	FF	00	00	64
82	34.304	0	043F	8	00	40	60	FF	50	6C	0B	00
83	34.560	0	0440	8	FF	50	00	00	FF	7C	0B	00
84	34.816	0	04F0	8	00	00	04	00	00	83	4F	0E
85	35.029	0	0545	8	D8	1D	00	8C	6F	00	72	00
86	35.285	0	059B	8	00	00	00	00	00	00	00	88
87	35.541	0	04B1	8	59	9E	EA	01	00	00	00	E2
88	35.797	0	0164	8	00	08	00	00	00	00	0F	07
89	36.053	0	0350	8	05	68	55	44	46	20	00	1A
90	40.149	0	0153	8	00	80	10	FF	00	FF	E0	6E
91	40.405	0	01F1	8	00	99	00	00	00	00	00	00
92	40.618	0	0220	8	E8	3B	02	0C	0C	10	03	10
93	41.045	0	02B0	5	E5	FF	00	07	1D	-1	-1	-1
94	41.258	0	0165	8	0D	F8	7F	00	00	00	0D	87
95	42.112	0	0316	8	05	2C	1E	0C	2C	1E	00	7F
96	42.325	0	0110	8	D0	3C	40	09	00	00	00	00
97	42.581	0	018F	8	00	16	2C	00	00	4D	00	00
98	43.050	0	0080	8	00	17	1E	0C	2C	1E	2C	D5
99	43.306	0	0081	8	40	84	45	00	00	00	00	25
100	43.562	0	0260	8	05	2C	00	30	2E	9C	5B	14
