No	Time_Offset	Type	ID	Data_Length	One	Two	Three	Four	Five	Six	Seven	Eight
1	0.000	0	04F2	8	20	00	90	38	00	00	00	8F
2	0.213	0	04B0	8	00	C0	00	80	00	40	00	80
3	0.469	0	0164	8	00	08	00	00	00	00	08	00
4	0.725	0	0545	8	D8	1D	00	8B	81	00	80	00
5	1.920	0	05A0	8	00	00	00	00	00	00	00	00
6	4.906	0	0153	8	00	80	10	FF	00	FF	90	1E
7	5.120	0	0220	8	E8	03	03	2C	0C	30	FF	0F
8	5.802	0	04F2	8	20	00	E0	38	00	00	00	D8
9	6.016	0	02B0	5	E6	FF	00	07	96	-1	-1	-1
10	6.229	0	04F0	8	00	00	6A	00	00	6F	5D	00
11	6.912	0	0165	8	0D	08	80	00	00	00	06	83
12	7.125	0	0316	8	05	2D	12	0C	2D	1E	00	7F
13	7.338	0	0120	4	00	00	00	00	-1	-1	-1	-1
14	7.552	0	018F	8	00	16	2D	00	00	4D	00	00
15	7.893	0	0080	8	00	17	12	0C	2D	1E	2D	EE
16	8.106	0	0081	8	40	84	45	00	00	00	00	9E
17	8.362	0	0260	8	05	2D	00	30	2E	9B	5F	2F
18	8.618	0	02A0	8	C2	00	45	90	B2	2B	60	0B
19	9.002	0	02C0	8	3D	00	00	00	00	00	00	00
20	9.216	0	0329	8	85	A2	81	8C	11	2D	00	10
21	9.472	0	0370	8	FF	20	00	80	FF	00	00	EC
22	9.728	0	043F	8	00	40	60	FF	50	80	0B	00
23	9.984	0	0440	8	FF	F0	00	00	FF	78	0B	00
24	10.197	0	04B1	8	59	9E	EA	01	00	00	00	E2
25	10.453	0	0164	8	00	08	00	00	00	00	09	01
26	10.709	0	04F0	8	00	00	1E	00	00	83	4F	0E
27	10.965	0	0517	8	00	00	00	00	00	00	00	00
28	11.178	0	0545	8	D8	1D	00	8C	82	00	81	00
29	11.349	0	05A2	4	25	02	91	02	-1	-1	-1	-1
30	11.605	0	0350	8	05	68	25	44	46	20	00	6A
31	14.890	0	0153	8	00	80	10	FF	00	FF	A0	2E
32	15.146	0	01F1	8	00	99	00	00	00	00	00	00
33	15.402	0	0220	8	EA	0B	03	1C	0C	00	FF	0F
34	15.829	0	02B0	5	E5	FF	00	07	B7	-1	-1	-1
35	16.853	0	0165	8	0D	F8	7F	00	00	00	07	8D
36	17.066	0	0316	8	05	2D	12	0C	2D	1E	00	7F
37	17.322	0	018F	8	00	16	2D	00	00	4D	00	00
38	17.578	0	0260	8	05	2D	00	30	2E	9B	5F	3E
39	17.792	0	0080	8	00	17	12	0C	2D	1E	2D	DF
40	18.048	0	0081	8	40	84	45	00	00	00	00	8F
41	18.304	0	02A0	8	62	00	45	90	B2	2B	60	0B
42	18.517	0	0329	8	85	A2	81	8C	11	2D	00	10
43	18.773	0	0370	8	FF	20	00	80	FF	00	00	A0
44	19.029	0	0382	8	40	FE	0F	00	00	00	00	00
45	19.242	0	043F	8	00	40	60	FF	50	84	0B	00
46	19.498	0	0440	8	FF	00	00	00	FF	88	0B	00
47	19.754	0	04F2	8	20	00	90	38	00	00	00	90
48	20.010	0	0510	8	00	00	00	00	00	00	00	00
49	20.266	0	04B0	8	00	00	00	C0	00	40	00	80
50	20.522	0	0164	8	00	08	00	00	00	00	0A	02
51	20.735	0	0545	8	D8	1D	00	8C	81	00	80	00
52	23.935	0	00A0	8	5D	71	26	0C	00	23	00	02
53	24.191	0	00A1	8	7F	81	80	80	2E	00	00	00
54	24.703	0	04F2	8	20	00	E0	38	00	00	00	D9
55	24.959	0	0153	8	00	80	10	FF	00	FF	B0	3E
56	25.173	0	04F0	8	00	00	6C	00	00	6F	5D	00
57	25.429	0	0220	8	EA	13	07	0C	0C	00	FF	0F
58	25.813	0	02B0	5	E5	FF	00	07	48	-1	-1	-1
59	26.111	0	0165	8	0D	F8	7F	00	00	00	08	82
60	26.837	0	0316	8	05	2D	FA	0B	2D	1E	00	7F
61	27.093	0	018F	8	00	16	2D	00	00	4D	00	00
62	27.349	0	0260	8	05	2D	00	30	2E	9B	5F	01
63	27.562	0	0080	8	00	17	FA	0B	2D	1E	2D	70
64	27.861	0	0081	8	40	84	45	00	00	00	00	70
65	28.074	0	02A0	8	02	00	45	90	B2	2B	60	0B
66	28.330	0	0329	8	85	A2	81	8C	11	2D	00	10
67	28.586	0	0370	8	FF	20	00	80	FF	00	00	64
68	28.885	0	043F	8	00	40	60	FF	50	84	0B	00
69	29.141	0	0440	8	FF	50	00	00	FF	84	0B	00
70	29.354	0	04F0	8	00	00	20	00	00	83	4F	0E
71	29.610	0	0545	8	D8	13	00	8B	7E	00	80	00
72	29.866	0	04B1	8	59	9E	EA	01	00	00	00	E2
73	30.122	0	0164	8	00	08	00	00	00	00	0B	03
74	30.890	0	0350	8	05	68	35	44	46	20	00	7A
75	34.901	0	0153	8	00	80	10	FF	00	FF	C0	4E
76	35.157	0	01F1	8	00	99	00	00	00	00	00	00
77	35.413	0	0220	8	E9	1B	07	0C	09	00	FF	0F
78	35.882	0	02B0	5	E5	FF	00	07	59	-1	-1	-1
79	36.138	0	0165	8	0D	F8	7F	00	00	00	09	83
80	36.906	0	043F	8	00	40	60	FF	50	80	0B	00
81	37.162	0	0370	8	FF	20	00	80	FF	00	00	28
82	37.418	0	02A0	8	A2	00	45	90	B2	2B	60	0B
83	37.930	0	0260	8	05	2D	00	30	2E	9B	5F	10
84	38.143	0	0080	8	00	17	F6	0B	2D	1E	2D	A1
85	38.399	0	0081	8	40	84	45	00	00	00	00	61
86	38.655	0	018F	8	00	16	2D	00	00	4D	00	00
87	38.911	0	0316	8	05	2D	F6	0B	2D	1E	00	7F
88	39.167	0	0329	8	85	A2	81	8C	11	2D	00	10
89	39.381	0	0382	8	40	FE	0F	00	00	00	00	04
90	39.637	0	0440	8	FF	A0	00	00	FF	7C	0B	00
91	39.893	0	04F2	8	20	00	90	38	00	00	00	91
92	40.149	0	04B0	8	00	40	00	C0	00	40	00	80
93	40.405	0	0164	8	00	08	00	00	00	00	0C	04
94	40.618	0	0545	8	D8	13	00	8B	7F	00	81	00
95	44.671	0	04F2	8	20	00	E0	38	00	00	00	DA
96	44.927	0	0153	8	00	80	10	FF	00	FF	D0	5E
97	45.183	0	04F0	8	00	00	6E	00	00	6F	5D	00
98	45.396	0	0220	8	E9	23	02	2C	09	30	FF	0F
99	45.823	0	02B0	5	E5	FF	00	07	6A	-1	-1	-1
100	46.079	0	0165	8	0D	F8	7F	00	00	00	0A	80
