No	Time_Offset	Type	ID	Data_Length	One	Two	Three	Four	Five	Six	Seven	Eight
1	0.000	0	0153	8	00	80	10	FF	00	FF	30	BE
2	0.256	0	01F1	8	00	99	00	00	00	00	00	00
3	1.024	0	0220	8	E7	0B	06	0C	0C	00	FF	0F
4	2.006	0	0316	8	05	2F	2A	0C	2F	1E	00	7F
5	2.262	0	0165	8	0E	F8	7F	00	00	00	07	8E
6	2.475	0	018F	8	00	16	2F	00	00	4E	00	00
7	2.987	0	0080	8	00	17	2A	0C	2F	1E	2F	0F
8	3.243	0	0081	8	40	84	45	00	00	00	00	8F
9	3.499	0	0260	8	05	2F	00	30	2E	9B	65	35
10	3.712	0	02A0	8	62	00	45	90	B2	2B	60	0B
11	3.883	0	02B0	5	E5	FF	00	07	B7	-1	-1	-1
12	4.139	0	0329	8	D7	A1	81	8C	11	2E	00	10
13	4.395	0	0370	8	FF	20	00	80	FF	00	00	A0
14	4.651	0	0382	8	40	FE	0F	00	00	00	00	00
15	4.864	0	043F	8	00	40	60	FF	51	54	0B	00
16	5.120	0	0440	8	FF	00	00	00	FF	54	0B	00
17	5.376	0	04F2	8	20	00	60	38	00	00	00	C0
18	5.632	0	04B0	8	00	00	00	C0	00	40	00	80
19	5.888	0	0164	8	00	08	00	00	00	00	0A	02
20	7.083	0	0545	8	D8	15	00	8B	90	00	92	00
21	7.253	0	05E4	3	00	00	00	-1	-1	-1	-1	-1
22	7.509	0	02C0	8	3D	00	00	00	00	00	00	00
23	10.069	0	0153	8	00	80	10	FF	00	FF	40	CE
24	10.325	0	0220	8	E6	13	09	1C	0C	00	FF	0F
25	11.221	0	04F2	8	20	00	B0	38	00	00	00	89
26	11.477	0	04F0	8	00	00	CC	00	00	6F	5D	00
27	12.032	0	0316	8	05	2D	48	0C	2E	1E	00	7F
28	12.288	0	0165	8	0E	F8	7F	00	00	00	08	81
29	12.501	0	018F	8	00	16	2E	00	00	4E	00	00
30	14.037	0	0080	8	00	17	48	0C	2D	1E	2E	20
31	14.293	0	0034	8	00	00	00	00	00	00	00	00
32	14.507	0	0081	8	40	84	45	00	00	00	00	70
33	14.763	0	0260	8	05	2E	00	30	2E	9B	61	0D
34	14.976	0	02A0	8	02	00	45	90	B2	2B	60	0B
35	15.189	0	02B0	5	E6	FF	00	07	78	-1	-1	-1
36	15.403	0	0329	8	0F	A1	81	8C	11	2E	00	10
37	15.659	0	0370	8	FF	20	00	80	FF	00	00	64
38	15.915	0	043F	8	00	40	60	FF	51	60	0B	00
39	16.171	0	0440	8	FF	50	00	00	FF	6C	0B	00
40	16.384	0	04F0	8	00	00	80	00	00	83	4F	0E
41	16.640	0	04B1	8	59	9E	EA	01	00	00	00	E2
42	16.896	0	0164	8	00	08	00	00	00	00	0B	03
43	17.109	0	0545	8	D8	15	00	8B	83	00	88	00
44	17.365	0	0350	8	05	68	35	44	46	20	00	7A
45	20.053	0	0153	8	00	80	10	FF	00	FF	50	DE
46	20.309	0	01F1	8	00	99	00	00	00	00	00	00
47	21.077	0	0220	8	E5	1B	06	1C	0C	00	FF	0F
48	22.016	0	02B0	5	E6	FF	00	07	69	-1	-1	-1
49	22.229	0	0165	8	0E	F8	7F	00	00	00	09	80
50	22.485	0	02A0	8	A2	00	45	90	B2	2B	60	0B
51	23.040	0	0080	8	00	17	38	0C	2D	1E	2E	21
52	23.253	0	0081	8	40	84	45	00	00	00	00	61
53	23.509	0	018F	8	00	16	2E	00	00	4E	00	00
54	23.765	0	0260	8	05	2E	00	30	2E	9B	61	1C
55	24.021	0	0316	8	05	2D	38	0C	2E	1E	00	7F
56	24.235	0	0329	8	0F	A1	81	8C	11	2E	00	10
57	24.491	0	0370	8	FF	20	00	80	FF	00	00	28
58	24.747	0	0382	8	40	FE	0F	00	00	00	00	04
59	25.045	0	043F	8	00	40	60	FF	51	64	0B	00
60	25.301	0	0440	8	FF	A0	00	00	FF	6C	0B	00
61	25.557	0	04B0	8	00	40	00	C0	00	40	00	80
62	25.813	0	0164	8	00	08	00	00	00	00	0C	04
63	26.069	0	04F2	8	20	00	60	38	00	00	00	C1
64	26.325	0	0510	8	00	00	00	00	00	00	00	00
65	26.581	0	0545	8	D8	15	00	8B	84	00	89	00
66	29.098	0	00A0	8	5E	70	2A	0C	00	23	00	02
67	29.312	0	00A1	8	7F	81	80	80	2F	00	00	00
68	30.037	0	04F2	8	20	00	B0	38	00	00	00	8A
69	30.250	0	0153	8	00	80	10	FF	00	FF	60	EE
70	30.506	0	04F0	8	00	00	CE	00	00	6F	5D	00
71	30.720	0	0220	8	E7	23	05	0C	09	00	FF	0F
72	32.000	0	02B0	5	E6	FF	00	07	5A	-1	-1	-1
73	32.256	0	0165	8	0E	F8	7F	00	00	00	0A	83
74	32.512	0	0316	8	05	2D	38	0C	2E	1E	00	7F
75	33.066	0	0080	8	00	17	38	0C	2D	1E	2E	12
76	33.322	0	0081	8	40	84	45	00	00	00	00	52
77	33.578	0	018F	8	00	16	2E	00	00	4E	00	00
78	33.792	0	0260	8	05	2E	00	30	2E	9B	61	2B
79	34.048	0	02A0	8	C2	00	45	90	B2	2B	60	0B
80	34.304	0	0329	8	0F	A1	81	8C	11	2E	00	10
81	34.517	0	0370	8	FF	20	00	80	FF	00	00	EC
82	34.773	0	043F	8	00	40	60	FF	51	64	0B	00
83	35.029	0	0440	8	FF	F0	00	00	FF	64	0B	00
84	35.285	0	04F0	8	00	00	82	00	00	83	4F	0E
85	35.541	0	0545	8	D8	1E	00	8A	84	00	89	00
86	35.754	0	04B1	8	59	9E	EA	01	00	00	00	E2
87	36.010	0	0164	8	00	08	00	00	00	00	0D	05
88	36.266	0	0350	8	05	68	45	44	46	20	00	0A
89	40.064	0	0153	8	00	80	10	FF	00	FF	70	FE
90	40.320	0	01F1	8	00	99	00	00	00	00	00	00
91	41.045	0	0220	8	E8	2B	07	1C	0C	00	FF	0F
92	41.984	0	02B0	5	E5	FF	00	07	7B	-1	-1	-1
93	42.240	0	0165	8	0E	F8	7F	00	00	00	0B	82
94	43.050	0	0316	8	05	2D	38	0C	2E	1E	00	7F
95	43.264	0	0080	8	00	17	38	0C	2D	1E	2E	03
96	43.520	0	0081	8	40	84	45	00	00	00	00	43
97	43.776	0	018F	8	00	16	2E	00	00	4E	00	00
98	44.032	0	0260	8	05	2E	00	30	2E	9B	5F	3D
99	44.245	0	02A0	8	62	00	45	90	B2	2B	60	0B
100	44.501	0	0329	8	0F	A1	81	8C	11	2E	00	10
