No	Time_Offset	Type	ID	Data_Length	One	Two	Three	Four	Five	Six	Seven	Eight
1	0.000	0	0153	8	00	80	10	FF	00	FF	50	DE
2	0.256	0	01F1	8	00	99	00	00	00	00	00	00
3	0.981	0	0220	8	E7	1B	08	1C	0C	00	FF	0F
4	1.920	0	02B0	5	E6	FF	00	07	69	-1	-1	-1
5	2.176	0	0165	8	0C	08	80	00	00	00	09	8D
6	2.432	0	02A0	8	A2	00	45	90	B2	2B	60	0B
7	2.987	0	0260	8	05	2C	00	30	2E	9C	61	1D
8	3.243	0	0080	8	00	17	26	0C	2D	1E	2C	71
9	3.456	0	0081	8	40	84	45	00	00	00	00	61
10	3.712	0	018F	8	00	16	2C	00	00	4D	00	00
11	4.011	0	0316	8	05	2D	26	0C	2C	1E	00	7F
12	4.224	0	0329	8	0F	A1	81	8C	11	2D	00	10
13	4.480	0	0370	8	FF	20	00	80	FF	00	00	28
14	4.736	0	0382	8	40	FE	0F	00	00	00	00	04
15	4.992	0	043F	8	00	40	60	FF	51	6C	0B	00
16	5.205	0	0440	8	FF	A0	00	00	FF	70	0B	00
17	5.461	0	04F2	8	20	00	E0	38	00	00	00	C9
18	5.717	0	04B0	8	00	40	00	40	00	40	00	80
19	5.973	0	0164	8	00	08	00	00	00	00	0C	04
20	6.229	0	0510	8	00	00	00	00	00	00	00	00
21	6.485	0	0545	8	D8	13	00	8B	7E	00	7D	00
22	6.997	0	00A0	8	5D	70	22	0C	00	23	00	02
23	8.021	0	00A1	8	7F	81	80	80	2D	00	00	00
24	10.027	0	0153	8	00	80	10	FF	00	FF	60	EE
25	10.240	0	04F2	8	20	00	30	38	00	00	00	92
26	10.496	0	0220	8	E7	23	0C	0C	0C	00	FF	0F
27	10.752	0	04F0	8	00	00	DE	00	00	6F	5D	00
28	11.947	0	02B0	5	E5	FF	00	07	6A	-1	-1	-1
29	12.203	0	0165	8	0C	F8	7F	00	00	00	0A	81
30	12.459	0	043F	8	00	40	60	FF	51	70	0B	00
31	13.056	0	0370	8	FF	20	00	80	FF	00	00	EC
32	13.269	0	02A0	8	C2	00	45	90	B2	2B	60	0B
33	13.525	0	0316	8	05	2C	26	0C	2C	1E	00	7F
34	13.739	0	0080	8	00	17	26	0C	2C	1E	2C	72
35	14.037	0	0081	8	40	84	45	00	00	00	00	52
36	14.293	0	018F	8	00	16	2C	00	00	4D	00	00
37	14.549	0	0260	8	05	2C	00	30	2E	9C	5F	2F
38	14.763	0	0329	8	0F	A1	81	8C	11	2D	00	10
39	15.019	0	0440	8	FF	F0	00	00	FF	74	0B	00
40	16.085	0	04F0	8	00	00	92	00	00	83	4F	0E
41	16.341	0	0545	8	D8	1D	00	8B	78	00	7D	00
42	16.555	0	04B1	8	59	9E	EA	01	00	00	00	E2
43	16.811	0	0164	8	00	08	00	00	00	00	0D	05
44	17.067	0	0350	8	05	68	C5	44	46	20	00	8A
45	17.323	0	0042	8	FF	1E	FF	FF	00	00	00	00
46	17.536	0	0043	8	01	40	00	00	00	00	00	90
47	17.792	0	0044	8	00	00	00	FF	3F	00	00	00
48	20.096	0	0153	8	00	80	10	FF	00	FF	70	FE
49	20.352	0	01F1	8	00	99	00	00	00	00	00	00
50	20.565	0	0220	8	E8	2B	0A	2C	0C	30	FF	0F
51	21.973	0	02B0	5	E5	FF	00	07	7B	-1	-1	-1
52	22.229	0	0165	8	0D	08	80	00	00	00	0B	8E
53	22.442	0	0260	8	05	2C	00	30	2E	9C	5F	3E
54	23.082	0	0080	8	00	17	2C	0C	2C	1E	2C	03
55	23.338	0	0081	8	40	84	45	00	00	00	00	43
56	23.552	0	018F	8	00	16	2C	00	00	4D	00	00
57	23.808	0	02A0	8	62	00	45	90	B2	2B	60	0B
58	24.021	0	0316	8	05	2C	2C	0C	2C	1E	00	7F
59	24.277	0	0329	8	0F	A1	81	8C	11	2D	00	10
60	24.533	0	0370	8	FF	20	00	80	FF	00	00	A0
61	24.789	0	0382	8	40	FE	0F	00	00	00	00	08
62	25.002	0	043F	8	00	40	60	FF	51	74	0B	00
63	25.258	0	0440	8	FF	00	00	00	FF	78	0B	00
64	25.514	0	04F2	8	20	00	E0	38	00	00	00	CA
65	25.770	0	04B0	8	00	80	00	40	00	40	00	80
66	26.026	0	0164	8	00	08	00	00	00	00	0E	06
67	26.240	0	0545	8	D8	1D	00	8B	79	00	7C	00
68	30.080	0	0153	8	00	80	10	FF	00	FF	80	0E
69	30.336	0	04F2	8	20	00	30	38	00	00	00	93
70	30.549	0	0220	8	E9	33	05	1C	09	00	FF	0F
71	30.805	0	04F0	8	00	00	E0	00	00	6F	5D	00
72	31.957	0	02B0	5	E5	FF	00	07	0C	-1	-1	-1
73	32.213	0	0165	8	0D	08	80	00	00	00	0C	89
74	32.469	0	0316	8	05	2C	2E	0C	2C	1E	00	7F
75	32.682	0	0080	8	00	17	2E	0C	2C	1E	2C	D4
76	33.024	0	0081	8	40	84	45	00	00	00	00	34
77	33.280	0	018F	8	00	16	2C	00	00	4D	00	00
78	33.536	0	0260	8	05	2C	00	30	2E	9C	5F	01
79	33.749	0	02A0	8	02	00	45	90	B2	2B	60	0B
80	34.048	0	0329	8	0F	A1	81	8C	11	2D	00	10
81	34.304	0	0370	8	FF	20	00	80	FF	00	00	64
82	34.517	0	043F	8	00	40	60	FF	51	70	0B	00
83	34.773	0	0440	8	FF	50	00	00	FF	70	0B	00
84	35.029	0	04F0	8	00	00	94	00	00	83	4F	0E
85	35.285	0	0545	8	D8	1D	00	8B	79	00	7C	00
86	35.498	0	04B1	8	59	9E	EA	01	00	00	00	E2
87	35.754	0	0164	8	00	08	00	00	00	00	0F	07
88	36.010	0	059B	8	00	00	00	00	00	00	00	88
89	36.266	0	0350	8	05	68	D5	44	46	20	00	9A
90	40.063	0	0153	8	00	80	10	FF	00	FF	90	1E
91	40.319	0	01F1	8	00	99	00	00	00	00	00	00
92	41.045	0	0220	8	EA	3B	05	1C	0C	00	FF	0F
93	41.983	0	02B0	5	E6	FF	00	07	2D	-1	-1	-1
94	42.197	0	0165	8	0D	F8	7F	00	00	00	0D	87
95	42.453	0	0316	8	05	2C	2E	0C	2C	1E	00	7F
96	43.007	0	0329	8	0F	A1	81	8C	11	2D	00	10
97	43.263	0	0080	8	00	17	2E	0C	2C	1E	2C	C5
98	43.519	0	0081	8	40	84	45	00	00	00	00	25
99	43.733	0	0110	8	D0	3C	40	09	00	00	00	00
100	43.989	0	018F	8	00	16	2C	00	00	4D	00	00
