No	Time_Offset	Type	ID	Data_Length	One	Two	Three	Four	Five	Six	Seven	Eight
1	0.000	0	02A0	8	62	00	45	90	B2	2B	60	0B
2	0.342	0	0382	8	40	FE	0F	00	00	00	00	00
3	0.555	0	04F2	8	20	00	F0	38	00	00	00	DC
4	0.811	0	04B0	8	00	00	00	80	00	40	00	80
5	1.067	0	0164	8	00	08	00	00	00	00	02	0A
6	1.323	0	0545	8	D8	1F	00	8A	79	00	5F	00
7	5.163	0	04F2	8	20	00	40	38	00	00	00	A5
8	5.376	0	0153	8	00	80	10	FF	00	FF	C0	4E
9	5.632	0	04F0	8	00	00	04	00	00	6F	5D	00
10	5.888	0	0220	8	E5	13	08	24	0C	30	FF	0F
11	6.102	0	04F1	8	00	12	03	00	00	00	00	00
12	6.272	0	05F0	2	00	00	-1	-1	-1	-1	-1	-1
13	6.486	0	051A	8	00	03	00	00	00	00	00	00
14	6.699	0	02B0	5	E5	FF	00	07	C0	-1	-1	-1
15	6.955	0	0690	8	03	00	00	20	80	00	2C	00
16	7.168	0	0165	8	0C	F8	7F	00	00	00	00	8B
17	7.424	0	0316	8	05	2E	1A	0C	2D	20	00	7F
18	7.638	0	018F	8	00	16	2D	00	00	4D	00	00
19	7.894	0	0260	8	05	2D	00	30	2E	9C	59	06
20	8.278	0	0080	8	00	17	1A	0C	2E	20	2D	88
21	8.491	0	0081	8	40	84	45	00	00	00	00	F8
22	8.747	0	02A0	8	02	00	45	90	B2	2B	60	0B
23	9.003	0	0329	8	40	A2	81	8C	11	2D	00	10
24	9.259	0	0370	8	FF	20	00	80	FF	00	00	64
25	9.515	0	043F	8	00	40	60	FF	50	C0	0B	00
26	9.771	0	0440	8	FF	50	00	00	FF	C0	0B	00
27	10.027	0	0545	8	D8	1F	00	8A	79	00	77	00
28	10.283	0	04F0	8	00	00	B8	00	00	83	4F	0E
29	10.496	0	04B1	8	59	9E	EA	01	00	00	00	E2
30	10.752	0	0164	8	00	08	00	00	00	00	03	0B
31	11.264	0	0350	8	05	68	F5	44	46	20	00	BA
32	15.275	0	0153	8	00	80	10	FF	00	FF	D0	5E
33	15.531	0	01F1	8	00	99	00	00	00	00	00	00
34	15.787	0	0220	8	E7	1B	0B	34	0C	00	FF	0F
35	16.214	0	05E4	3	00	00	00	-1	-1	-1	-1	-1
36	17.280	0	0165	8	0D	F8	7F	00	00	00	01	8B
37	17.493	0	02B0	5	E5	FF	00	07	D1	-1	-1	-1
38	17.707	0	0316	8	05	2E	10	0C	2D	20	00	7F
39	17.963	0	0260	8	05	2D	00	30	2E	9C	59	15
40	18.261	0	02A0	8	A2	00	45	90	B2	2B	60	0B
41	18.517	0	0080	8	00	17	10	0C	2E	20	2D	19
42	18.731	0	0081	8	40	84	45	00	00	00	00	E9
43	18.987	0	018F	8	00	16	2D	00	00	4D	00	00
44	19.243	0	0329	8	40	A2	81	8C	11	2D	00	10
45	19.456	0	0370	8	FF	20	00	80	FF	00	00	28
46	19.712	0	0382	8	40	FE	0F	00	00	00	00	04
47	19.968	0	043F	8	00	40	60	FF	50	AC	0B	00
48	20.224	0	0440	8	FF	A0	00	00	FF	9C	0B	00
49	20.437	0	04F2	8	20	00	F0	38	00	00	00	DD
50	20.693	0	04B0	8	00	40	00	80	00	40	00	80
51	20.949	0	0164	8	00	08	00	00	00	00	04	0C
52	21.205	0	0545	8	D8	1F	00	8B	7B	00	79	00
53	23.296	0	05A0	8	00	00	00	00	00	00	00	00
54	25.301	0	0153	8	00	80	10	FF	00	FF	E0	6E
55	25.515	0	0220	8	EA	23	0C	14	0C	00	FF	0F
56	26.240	0	02B0	5	E6	FF	00	07	D2	-1	-1	-1
57	26.496	0	04F2	8	20	00	40	38	00	00	00	A6
58	26.752	0	0165	8	0C	08	80	00	00	00	02	86
59	26.965	0	04F0	8	00	00	06	00	00	6F	5D	00
60	27.221	0	0120	4	00	00	00	00	-1	-1	-1	-1
61	27.435	0	0316	8	05	2E	10	0C	2D	20	00	7F
62	27.691	0	02A0	8	C2	00	45	90	B2	2B	60	0B
63	28.245	0	0080	8	00	17	10	0C	2E	20	2D	0A
64	28.459	0	0081	8	40	84	45	00	00	00	00	DA
65	28.715	0	018F	8	00	16	2D	00	00	4D	00	00
66	28.971	0	0260	8	05	2D	00	30	2E	9C	59	24
67	29.269	0	0329	8	40	A2	81	8C	11	2D	00	10
68	29.525	0	02C0	8	3D	00	00	00	00	00	00	00
69	29.781	0	0370	8	FF	20	00	80	FF	00	00	EC
70	30.037	0	043F	8	00	40	60	FF	50	A8	0B	00
71	30.251	0	0440	8	FF	F0	00	00	FF	A8	0B	00
72	30.507	0	04B1	8	59	9E	EA	01	00	00	00	E2
73	30.763	0	0164	8	00	08	00	00	00	00	05	0D
74	31.019	0	04F0	8	00	00	BA	00	00	83	4F	0E
75	31.275	0	0517	8	00	00	00	00	00	00	00	00
76	31.531	0	0545	8	D8	1F	00	8C	7B	00	79	00
77	31.659	0	05A2	4	25	00	A5	02	-1	-1	-1	-1
78	31.915	0	0350	8	05	68	05	44	46	20	00	4A
79	35.328	0	0153	8	00	80	10	FF	00	FF	00	8E
80	35.584	0	01F1	8	00	99	00	00	00	00	00	00
81	35.797	0	0220	8	EB	2B	0D	34	0C	00	FF	0F
82	36.267	0	02B0	5	E6	FF	00	07	C3	-1	-1	-1
83	36.523	0	0165	8	0D	F8	7F	00	00	00	03	89
84	37.248	0	0510	8	00	00	00	00	00	00	00	00
85	37.504	0	0370	8	FF	20	00	80	FF	00	00	A0
86	38.229	0	043F	8	00	40	60	FF	50	B0	0B	00
87	38.485	0	0316	8	05	2E	10	0C	2D	20	00	7F
88	38.698	0	0329	8	40	A2	81	8C	11	2D	00	10
89	38.954	0	0080	8	00	17	10	0C	2E	20	2D	FB
90	39.253	0	0081	8	40	84	45	00	00	00	00	CB
91	39.466	0	018F	8	00	16	2D	00	00	4D	00	00
92	39.722	0	0260	8	05	2D	00	30	2E	9C	5B	31
93	39.936	0	02A0	8	62	00	45	90	B2	2B	60	0B
94	40.192	0	0382	8	40	FE	0F	00	00	00	00	08
95	40.448	0	0440	8	FF	00	00	00	FF	BC	0B	00
96	40.704	0	04B0	8	00	80	00	80	00	40	00	80
97	40.960	0	0164	8	00	08	00	00	00	00	06	0E
98	41.216	0	04F2	8	20	00	F0	38	00	00	00	DE
99	41.429	0	0545	8	D8	1F	00	8B	81	00	79	00
100	45.141	0	04F2	8	20	00	40	38	00	00	00	A7
