No	Time_Offset	Type	ID	Data_Length	One	Two	Three	Four	Five	Six	Seven	Eight
1	0.000	0	0260	8	05	30	00	30	2E	9A	6D	2D
2	0.214	0	02A0	8	C2	00	45	90	B2	2B	60	0B
3	0.470	0	0370	8	FF	20	00	80	FF	00	00	EC
4	0.726	0	043F	8	00	40	60	FF	51	34	0B	00
5	0.982	0	0440	8	FF	F0	00	00	FF	2C	0B	00
6	1.238	0	04F0	8	00	00	22	00	00	83	4F	0E
7	1.451	0	04B1	8	59	9E	EA	01	00	00	00	E2
8	1.707	0	0164	8	00	08	00	00	00	00	0D	05
9	1.963	0	0517	8	00	00	00	00	00	00	00	00
10	2.176	0	0545	8	D8	12	00	8B	9B	00	9C	00
11	2.432	0	0350	8	05	68	45	44	47	20	00	0B
12	6.400	0	0153	8	00	80	10	FF	00	FF	00	8E
13	6.656	0	01F1	8	00	99	00	00	00	00	00	00
14	6.870	0	0220	8	EA	2B	03	2C	0C	10	05	10
15	7.254	0	02B0	5	E6	FF	00	07	4B	-1	-1	-1
16	8.320	0	0165	8	0D	F8	7F	00	00	00	0B	81
17	8.576	0	0316	8	05	30	CC	0B	30	1E	00	7F
18	8.832	0	018F	8	00	16	30	00	00	4D	00	00
19	9.046	0	0080	8	00	17	CC	0B	30	1E	30	D3
20	9.302	0	0081	8	40	84	45	00	00	00	00	43
21	9.558	0	0260	8	05	30	00	30	2E	9A	6D	3C
22	9.771	0	02A0	8	62	00	45	90	B2	2B	60	0B
23	10.027	0	0329	8	40	A2	81	8C	11	2E	00	10
24	10.240	0	0370	8	FF	20	00	80	FF	00	00	A0
25	10.496	0	0382	8	40	FE	0F	00	00	00	00	08
26	10.752	0	043F	8	00	40	60	FF	51	30	0B	00
27	11.008	0	0440	8	FF	00	00	00	FF	2C	0B	00
28	11.264	0	04F2	8	20	00	30	38	00	00	00	92
29	11.520	0	0510	8	00	00	00	00	00	00	00	00
30	11.734	0	04B0	8	00	80	00	C0	00	40	00	80
31	11.990	0	0164	8	00	08	00	00	00	00	0E	06
32	12.246	0	0545	8	D8	12	00	8B	9C	00	9D	00
33	15.957	0	04F2	8	20	00	80	38	00	00	00	DB
34	16.213	0	04F0	8	00	00	70	00	00	6F	5D	00
35	16.469	0	0153	8	00	80	10	FF	00	FF	10	9E
36	16.725	0	0220	8	EA	33	03	2C	0C	10	05	10
37	17.280	0	02B0	5	E5	FF	00	07	0C	-1	-1	-1
38	18.304	0	0165	8	0D	08	80	00	00	00	0C	89
39	18.560	0	0316	8	05	30	CC	0B	30	1E	00	7F
40	18.816	0	018F	8	00	16	30	00	00	4D	00	00
41	19.029	0	0080	8	00	17	CC	0B	30	1E	30	C4
42	19.285	0	0081	8	40	84	45	00	00	00	00	34
43	19.541	0	0260	8	05	30	00	30	2E	9A	6D	0F
44	19.755	0	02A0	8	02	00	45	90	B2	2B	60	0B
45	20.011	0	0329	8	85	A2	81	8C	11	2E	00	10
46	20.224	0	0370	8	FF	20	00	80	FF	00	00	64
47	20.480	0	00A0	8	5D	70	DE	0B	00	23	00	02
48	20.736	0	00A1	8	7F	81	80	80	2E	00	00	00
49	20.949	0	043F	8	00	40	60	FF	51	2C	0B	00
50	21.205	0	0440	8	FF	50	00	00	FF	2C	0B	00
51	21.461	0	04B1	8	59	9E	EA	01	00	00	00	E2
52	21.717	0	0164	8	00	08	00	00	00	00	0F	07
53	21.931	0	04F0	8	00	00	24	00	00	83	4F	0E
54	22.187	0	0545	8	D8	1E	00	8B	9C	00	9D	00
55	22.400	0	0350	8	05	68	55	44	47	20	00	1B
56	26.325	0	0153	8	00	80	10	FF	00	FF	20	AE
57	26.581	0	01F1	8	00	99	00	00	00	00	00	00
58	26.795	0	0220	8	E9	3B	06	2C	0C	10	05	10
59	27.264	0	02B0	5	E5	FF	00	07	1D	-1	-1	-1
60	28.288	0	0165	8	0C	F8	7F	00	00	00	0D	86
61	28.544	0	0316	8	05	30	CC	0B	30	1E	00	7F
62	28.800	0	018F	8	00	16	30	00	00	4D	00	00
63	29.013	0	0080	8	00	17	CC	0B	30	1E	30	B5
64	29.312	0	0081	8	40	84	45	00	00	00	00	25
65	29.525	0	0260	8	05	30	00	30	2E	9A	6D	1E
66	29.781	0	02A0	8	A2	00	45	90	B2	2B	60	0B
67	29.995	0	0329	8	85	A2	81	8C	11	2E	00	10
68	30.251	0	0370	8	FF	20	00	80	FF	00	00	28
69	30.507	0	0382	8	40	FE	0F	00	00	00	00	0C
70	30.763	0	043F	8	00	40	60	FF	51	30	0B	00
71	31.019	0	0440	8	FF	A0	00	00	FF	34	0B	00
72	31.232	0	04F2	8	20	00	30	38	00	00	00	93
73	31.488	0	04B0	8	00	C0	00	C0	00	40	00	80
74	31.744	0	0164	8	00	08	00	00	00	00	00	08
75	32.000	0	0545	8	D8	1E	00	8B	9B	00	9C	00
76	35.882	0	04F2	8	20	00	80	38	00	00	00	DC
77	36.138	0	04F0	8	00	00	72	00	00	6F	5D	00
78	36.394	0	0153	8	00	80	10	FF	00	FF	30	BE
79	36.608	0	0220	8	E7	03	06	14	0C	20	05	10
80	37.205	0	02B0	5	E5	FF	00	07	2E	-1	-1	-1
81	38.229	0	0165	8	0D	F8	7F	00	00	00	0E	84
82	38.485	0	0316	8	05	2E	EE	0B	2E	1E	00	7F
83	38.698	0	0329	8	85	A2	81	8C	11	2E	00	10
84	38.954	0	0080	8	00	17	EE	0B	2E	1E	2E	C6
85	39.381	0	0081	8	40	84	45	00	00	00	00	16
86	39.594	0	018F	8	00	16	2E	00	00	4D	00	00
87	39.850	0	0260	8	05	2E	00	30	2E	9A	65	28
88	40.064	0	02A0	8	C2	00	45	90	B2	2B	60	0B
89	40.320	0	0370	8	FF	20	00	80	FF	00	00	EC
90	40.576	0	043F	8	00	40	60	FF	51	34	0B	00
91	40.832	0	0440	8	FF	F0	00	00	FF	38	0B	00
92	41.045	0	04F0	8	00	00	26	00	00	83	4F	0E
93	41.301	0	0545	8	D8	1E	00	8B	8D	00	8D	00
94	41.514	0	04B1	8	59	9E	EA	01	00	00	00	E2
95	41.770	0	0164	8	00	08	00	00	00	00	01	09
96	42.026	0	059B	8	00	00	00	00	00	00	00	4C
97	42.282	0	0350	8	05	68	65	44	46	20	00	2A
98	46.336	0	0153	8	00	80	10	FF	00	FF	40	CE
99	46.592	0	01F1	8	00	99	00	00	00	00	00	00
100	46.805	0	0220	8	E7	0B	04	24	0C	10	05	10
