No	Time_Offset	Type	ID	Data_Length	One	Two	Three	Four	Five	Six	Seven	Eight
1	0.000	0	0081	8	40	84	45	00	00	00	00	43
2	0.256	0	018F	8	00	16	2D	00	00	4D	00	00
3	0.469	0	02A0	8	62	00	45	90	B2	2B	60	0B
4	0.682	0	02B0	5	E6	FF	00	07	4B	-1	-1	-1
5	0.896	0	0329	8	0F	A1	81	8C	11	2E	00	10
6	1.152	0	0370	8	FF	20	00	80	FF	00	00	A0
7	1.408	0	0382	8	40	FE	0F	00	00	00	00	08
8	1.664	0	043F	8	00	40	60	FF	51	60	0B	00
9	1.877	0	0440	8	FF	00	00	00	FF	60	0B	00
10	2.133	0	04F2	8	20	00	D0	38	00	00	00	92
11	2.389	0	04B0	8	00	80	00	C0	00	40	00	80
12	2.645	0	0164	8	00	08	00	00	00	00	0E	06
13	2.858	0	0545	8	D8	1D	00	8B	7F	00	82	00
14	5.759	0	0153	8	00	80	10	FF	00	FF	20	AE
15	5.973	0	04F2	8	20	00	20	38	00	00	00	DB
16	6.229	0	0220	8	E6	33	05	1C	0C	00	FF	0F
17	6.485	0	04F0	8	00	00	70	00	00	6F	5D	00
18	6.613	0	05F0	2	00	00	-1	-1	-1	-1	-1	-1
19	6.869	0	04F1	8	00	12	03	00	00	00	00	00
20	7.125	0	051A	8	00	03	00	00	00	00	00	00
21	7.381	0	0690	8	03	00	00	20	80	00	24	00
22	7.722	0	0316	8	05	2D	E8	0B	2D	1E	00	7F
23	7.978	0	0165	8	1B	E8	7F	00	00	00	0C	80
24	8.234	0	018F	8	00	16	2D	00	00	4D	00	00
25	8.789	0	0080	8	00	17	E8	0B	2D	1E	2D	64
26	9.045	0	0081	8	40	84	45	00	00	00	00	34
27	9.301	0	0260	8	05	2D	00	30	2E	9C	5F	00
28	9.514	0	02A0	8	02	00	45	90	B2	2B	60	0B
29	9.727	0	02B0	5	E5	FF	00	07	0C	-1	-1	-1
30	9.941	0	0329	8	0F	A1	81	8C	11	2E	00	10
31	10.197	0	0370	8	FF	20	00	80	FF	00	00	64
32	10.453	0	043F	8	00	40	60	FF	51	60	0B	00
33	10.751	0	0440	8	FF	50	00	00	FF	64	0B	00
34	11.007	0	04F0	8	00	00	24	00	00	83	4F	0E
35	11.221	0	0545	8	D8	1D	00	8A	7F	00	82	00
36	11.477	0	04B1	8	59	9E	EA	01	00	00	00	E2
37	11.733	0	0164	8	00	08	00	00	00	00	0F	07
38	11.989	0	0350	8	05	68	55	44	46	20	00	1A
39	16.853	0	0153	8	00	80	10	FF	00	FF	30	BE
40	17.109	0	01F1	8	00	99	00	00	00	00	00	00
41	17.365	0	0220	8	E7	3B	04	1C	0C	00	FF	0F
42	17.663	0	05E4	3	00	00	00	-1	-1	-1	-1	-1
43	17.919	0	0165	8	1A	F8	7F	00	00	00	0D	90
44	18.090	0	02B0	5	E6	FF	00	07	2D	-1	-1	-1
45	18.773	0	018F	8	00	16	2D	00	00	4D	00	00
46	18.986	0	0080	8	00	17	E8	0B	2D	1E	2D	55
47	19.242	0	0081	8	40	84	45	00	00	00	00	25
48	19.498	0	0260	8	05	2D	00	30	2E	9C	5F	1F
49	19.754	0	02A0	8	A2	00	45	90	B2	2B	60	0B
50	20.010	0	0316	8	05	2D	E8	0B	2D	1E	00	7F
51	20.223	0	0329	8	0F	A1	81	8C	11	2E	00	10
52	20.479	0	0370	8	FF	20	00	80	FF	00	00	28
53	20.735	0	0382	8	40	FE	0F	00	00	00	00	0C
54	20.991	0	043F	8	00	40	60	FF	51	60	0B	00
55	21.247	0	0440	8	FF	A0	00	00	FF	64	0B	00
56	21.461	0	04B0	8	00	C0	00	C0	00	40	00	80
57	21.717	0	0164	8	00	08	00	00	00	00	00	08
58	21.973	0	04F2	8	20	00	D0	38	00	00	00	93
59	22.229	0	0545	8	D8	1D	00	8B	7F	00	82	00
60	23.765	0	02C0	8	3D	00	00	00	00	00	00	00
61	25.770	0	0153	8	00	80	10	FF	00	FF	40	CE
62	26.026	0	0220	8	E7	03	07	34	0C	00	FF	0F
63	27.007	0	04F2	8	20	00	20	38	00	00	00	DC
64	27.263	0	04F0	8	00	00	72	00	00	6F	5D	00
65	27.647	0	02B0	5	E5	FF	00	07	2E	-1	-1	-1
66	27.903	0	0165	8	19	F8	7F	00	00	00	0E	90
67	28.159	0	0316	8	05	2D	E8	0B	2D	1E	00	7F
68	28.714	0	02A0	8	C2	00	45	90	B2	2B	60	0B
69	28.884	0	0120	4	00	00	00	00	-1	-1	-1	-1
70	29.098	0	0080	8	00	17	E8	0B	2D	1E	2D	46
71	29.354	0	0081	8	40	84	45	00	00	00	00	16
72	29.652	0	018F	8	00	16	2D	00	00	4D	00	00
73	29.908	0	0260	8	05	2D	00	30	2E	9B	5F	2F
74	30.122	0	0329	8	40	A1	81	8C	11	2E	00	10
75	30.378	0	0370	8	FF	20	00	80	FF	00	00	EC
76	30.676	0	043F	8	00	40	60	FF	51	5C	0B	00
77	30.890	0	0440	8	FF	F0	00	00	FF	58	0B	00
78	31.146	0	04F0	8	00	00	26	00	00	83	4F	0E
79	31.402	0	04B1	8	59	9E	EA	01	00	00	00	E2
80	31.743	0	0164	8	00	08	00	00	00	00	01	09
81	31.999	0	0517	8	00	00	00	00	00	00	00	00
82	32.255	0	0545	8	D8	1D	00	89	7F	00	82	00
83	32.682	0	0350	8	05	68	65	44	46	20	00	2A
84	35.754	0	0153	8	00	80	10	FF	00	FF	50	DE
85	36.010	0	01F1	8	00	99	00	00	00	00	00	00
86	36.735	0	0220	8	E6	0B	06	14	0C	00	FF	0F
87	37.716	0	0316	8	05	30	BC	0B	30	1E	00	7F
88	37.972	0	0165	8	18	F8	7F	00	00	00	0F	90
89	38.186	0	018F	8	00	16	30	00	00	4D	00	00
90	38.698	0	0080	8	00	17	BC	0B	30	1E	30	A7
91	38.954	0	0081	8	40	84	45	00	00	00	00	07
92	39.167	0	0260	8	05	30	00	30	2E	9B	67	31
93	39.423	0	02A0	8	62	00	45	90	B2	2B	60	0B
94	39.679	0	02B0	5	E5	FF	00	07	3F	-1	-1	-1
95	39.892	0	0329	8	40	A1	81	8C	11	2E	00	10
96	40.148	0	0370	8	FF	20	00	80	FF	00	00	A0
97	40.404	0	0382	8	40	FE	0F	00	00	00	00	00
98	40.703	0	043F	8	00	40	60	FF	51	58	0B	00
99	40.959	0	0440	8	FF	00	00	00	FF	54	0B	00
100	41.172	0	04F2	8	20	00	D0	38	00	00	00	94
