No	Time_Offset	Type	ID	Data_Length	One	Two	Three	Four	Five	Six	Seven	Eight
1	0.000	0	0350	8	05	68	D5	44	46	20	00	9A
2	3.541	0	0153	8	00	80	10	FF	00	FF	60	EE
3	3.797	0	01F1	8	00	99	00	00	00	00	00	00
4	4.010	0	0220	8	E9	3B	03	1C	09	00	FF	0F
5	4.522	0	02B0	5	E5	FF	00	07	1D	-1	-1	-1
6	4.778	0	0165	8	0D	08	80	00	00	00	0D	88
7	5.503	0	0316	8	05	2D	08	0C	2D	1E	00	7F
8	5.759	0	0018	8	00	00	00	60	00	00	20	00
9	6.015	0	0260	8	05	2D	00	30	2E	9B	5F	10
10	6.527	0	0080	8	00	17	08	0C	2D	1E	2D	25
11	6.783	0	0081	8	40	84	45	00	00	00	00	25
12	7.039	0	018F	8	00	16	2D	00	00	4D	00	00
13	7.253	0	02A0	8	A2	00	45	90	B2	2B	60	0B
14	7.594	0	0329	8	0F	A2	81	8C	11	2D	00	10
15	7.850	0	0370	8	FF	20	00	80	FF	00	00	28
16	8.063	0	0382	8	40	FE	0F	00	00	00	00	0C
17	8.319	0	043F	8	00	40	60	FF	50	7C	0B	00
18	8.575	0	0440	8	FF	A0	00	00	FF	6C	0B	00
19	8.831	0	04B0	8	00	C0	00	40	00	40	00	80
20	9.087	0	0164	8	00	08	00	00	00	00	00	08
21	9.301	0	04F2	8	20	00	20	38	00	00	00	BB
22	9.557	0	0545	8	D8	1D	00	8B	82	00	80	00
23	13.226	0	04F2	8	20	00	70	38	00	00	00	84
24	13.567	0	0153	8	00	80	10	FF	00	FF	70	FE
25	13.781	0	04F0	8	00	00	C2	00	00	6F	5D	00
26	14.037	0	0220	8	E9	03	07	04	0C	00	FF	0F
27	14.293	0	04F1	8	00	12	03	00	00	00	00	00
28	14.463	0	02B0	5	E5	FF	00	07	2E	-1	-1	-1
29	14.719	0	0690	8	03	00	00	20	80	00	38	00
30	14.933	0	0165	8	0D	F8	7F	00	00	00	0E	84
31	15.530	0	0316	8	05	2D	0C	0C	2D	1E	00	7F
32	15.743	0	0260	8	05	2D	00	30	2E	9B	61	2C
33	15.999	0	018F	8	00	16	2D	00	00	4D	00	00
34	16.511	0	0080	8	00	17	0C	0C	2D	1E	2D	D6
35	16.767	0	0081	8	40	84	45	00	00	00	00	16
36	16.981	0	02A0	8	C2	00	45	90	B2	2B	60	0B
37	17.237	0	0329	8	40	A2	81	8C	11	2D	00	10
38	17.493	0	0370	8	FF	20	00	80	FF	00	00	EC
39	17.706	0	043F	8	00	40	60	FF	50	78	0B	00
40	17.962	0	0440	8	FF	F0	00	00	FF	74	0B	00
41	18.218	0	04F0	8	00	00	76	00	00	83	4F	0E
42	18.474	0	0545	8	D8	1D	00	8A	80	00	83	00
43	18.687	0	04B1	8	59	9E	EA	01	00	00	00	E2
44	18.943	0	0164	8	00	08	00	00	00	00	01	09
45	19.498	0	0350	8	05	68	E5	44	46	20	00	AA
46	23.551	0	0153	8	00	80	10	FF	00	FF	80	0E
47	23.807	0	01F1	8	00	99	00	00	00	00	00	00
48	24.063	0	0220	8	E9	0B	07	04	0C	00	FF	0F
49	24.447	0	05E4	3	00	00	00	-1	-1	-1	-1	-1
50	24.703	0	0165	8	0D	F8	7F	00	00	00	0F	85
51	25.428	0	02B0	5	E5	FF	00	07	3F	-1	-1	-1
52	25.642	0	0316	8	05	2D	12	0C	2D	1E	00	7F
53	25.898	0	018F	8	00	16	2D	00	00	4D	00	00
54	26.111	0	0080	8	00	17	12	0C	2D	1E	2D	57
55	26.410	0	0081	8	40	84	45	00	00	00	00	07
56	26.666	0	0260	8	05	2D	00	30	2E	9B	61	3B
57	26.879	0	02A0	8	62	00	45	90	B2	2B	60	0B
58	27.135	0	0329	8	40	A2	81	8C	11	2D	00	10
59	27.434	0	0370	8	FF	20	00	80	FF	00	00	A0
60	27.690	0	0382	8	40	FE	0F	00	00	00	00	00
61	27.946	0	043F	8	00	40	60	FF	50	7C	0B	00
62	28.202	0	0440	8	FF	00	00	00	FF	84	0B	00
63	28.415	0	04F2	8	20	00	20	38	00	00	00	BC
64	28.671	0	04B0	8	00	00	00	80	00	40	00	80
65	28.927	0	0164	8	00	08	00	00	00	00	02	0A
66	29.183	0	0545	8	D8	1D	00	8B	81	00	84	00
67	33.535	0	0153	8	00	80	10	FF	00	FF	90	1E
68	33.748	0	0220	8	E9	13	06	14	0C	00	FF	0F
69	34.474	0	04F2	8	20	00	70	38	00	00	00	85
70	34.644	0	02B0	5	E6	FF	00	07	F0	-1	-1	-1
71	34.900	0	04F0	8	00	00	C4	00	00	6F	5D	00
72	35.114	0	0165	8	0D	F8	7F	00	00	00	00	8A
73	35.498	0	02C0	8	3D	00	00	00	00	00	00	00
74	35.754	0	0316	8	05	2D	12	0C	2D	1E	00	7F
75	35.967	0	0080	8	00	17	12	0C	2D	1E	2D	48
76	36.223	0	0081	8	40	84	45	00	00	00	00	F8
77	36.479	0	018F	8	00	16	2D	00	00	4D	00	00
78	36.735	0	0260	8	05	2D	00	30	2E	9B	61	0E
79	36.948	0	02A0	8	02	00	45	90	B2	2B	60	0B
80	37.204	0	0329	8	40	A2	81	8C	11	2D	00	10
81	37.503	0	0370	8	FF	20	00	80	FF	00	00	64
82	37.759	0	043F	8	00	40	60	FF	50	80	0B	00
83	38.015	0	0440	8	FF	50	00	00	FF	88	0B	00
84	38.271	0	04F0	8	00	00	78	00	00	83	4F	0E
85	38.527	0	0545	8	D8	1D	00	8B	81	00	84	00
86	38.783	0	04B1	8	59	9E	EA	01	00	00	00	E2
87	39.039	0	0164	8	00	08	00	00	00	00	03	0B
88	39.508	0	0350	8	05	68	F5	44	46	20	00	BA
89	43.519	0	0153	8	00	80	10	FF	00	FF	A0	2E
90	43.732	0	01F1	8	00	99	00	00	00	00	00	00
91	43.988	0	0220	8	E8	1B	07	14	0C	00	FF	0F
92	44.372	0	02B0	5	E5	FF	00	07	D1	-1	-1	-1
93	44.628	0	0165	8	0D	E8	7F	00	00	00	01	9B
94	45.567	0	0316	8	05	2D	12	0C	2D	1E	00	7F
95	45.823	0	0329	8	40	A2	81	8C	11	2D	00	10
96	46.079	0	0370	8	FF	20	00	80	FF	00	00	28
97	46.292	0	043F	8	00	40	60	FF	50	80	0B	00
98	46.548	0	0080	8	00	17	12	0C	2D	1E	2D	39
99	46.804	0	0081	8	40	84	45	00	00	00	00	E9
100	47.017	0	018F	8	00	16	2D	00	00	4D	00	00
