No	Time_Offset	Type	ID	Data_Length	One	Two	Three	Four	Five	Six	Seven	Eight
1	0.000	0	0153	8	00	80	10	FF	00	FF	C0	4E
2	0.213	0	01F1	8	00	99	00	00	00	00	00	00
3	0.469	0	0220	8	E7	1B	0A	04	0C	00	FF	0F
4	0.939	0	02B0	5	E6	FF	00	07	E1	-1	-1	-1
5	2.005	0	0165	8	0D	08	80	00	00	00	01	84
6	2.261	0	043F	8	00	40	60	FF	50	80	0B	00
7	2.475	0	0370	8	FF	20	00	80	FF	00	00	28
8	2.987	0	02A0	8	A2	00	45	90	B2	2B	60	0B
9	3.243	0	0260	8	05	2E	00	30	2E	9C	59	14
10	3.456	0	0080	8	00	17	08	0C	2E	20	2E	99
11	3.712	0	0081	8	40	84	45	00	00	00	00	E9
12	3.968	0	018F	8	00	16	2E	00	00	4D	00	00
13	4.224	0	0316	8	05	2E	08	0C	2E	20	00	7F
14	4.437	0	0329	8	85	A2	81	8C	11	2D	00	10
15	4.693	0	0382	8	40	FE	0F	00	00	00	00	04
16	5.035	0	0440	8	FF	A0	00	00	FF	80	0B	00
17	5.248	0	04F2	8	20	00	D0	38	00	00	00	D5
18	5.504	0	04B0	8	00	40	00	00	00	40	00	80
19	5.760	0	0164	8	00	08	00	00	00	00	04	0C
20	6.016	0	0545	8	D8	1F	00	89	7D	00	80	00
21	9.984	0	04F2	8	20	00	20	38	00	00	00	9E
22	10.197	0	0153	8	00	80	10	FF	00	FF	D0	5E
23	10.453	0	04F0	8	00	00	F6	00	00	6F	5D	00
24	10.667	0	0220	8	E7	23	04	14	0C	00	FF	0F
25	11.008	0	02B0	5	E5	FF	00	07	E2	-1	-1	-1
26	12.075	0	0165	8	0D	F8	7F	00	00	00	02	88
27	12.330	0	0316	8	05	2E	08	0C	2E	20	00	7F
28	12.544	0	0260	8	05	2E	00	30	2E	9C	59	23
29	13.098	0	018F	8	00	16	2E	00	00	4D	00	00
30	13.354	0	0080	8	00	17	08	0C	2E	20	2E	8A
31	13.610	0	0081	8	40	84	45	00	00	00	00	DA
32	13.824	0	02A0	8	C2	00	45	90	B2	2B	60	0B
33	14.037	0	0329	8	D7	A2	81	8C	11	2D	00	10
34	14.293	0	0370	8	FF	20	00	80	FF	00	00	EC
35	14.549	0	043F	8	00	40	60	FF	50	84	0B	00
36	14.805	0	0440	8	FF	F0	00	00	FF	88	0B	00
37	15.018	0	04F0	8	00	00	AA	00	00	83	4F	0E
38	15.274	0	0545	8	D8	1F	00	8C	7D	00	80	00
39	15.530	0	04B1	8	59	9E	EA	01	00	00	00	E2
40	15.786	0	0164	8	00	08	00	00	00	00	05	0D
41	16.000	0	059B	8	00	00	00	00	00	00	00	C4
42	16.256	0	0350	8	05	68	85	44	46	20	00	CA
43	20.096	0	0153	8	00	80	10	FF	00	FF	E0	6E
44	20.309	0	01F1	8	00	99	00	00	00	00	00	00
45	20.565	0	0220	8	E7	2B	02	14	0C	00	FF	0F
46	21.077	0	02B0	5	E6	FF	00	07	C3	-1	-1	-1
47	21.333	0	0165	8	0D	F8	7F	00	00	00	03	89
48	22.101	0	0316	8	05	2E	08	0C	2E	20	00	7F
49	22.357	0	0110	8	D0	3C	40	09	00	00	00	00
50	22.613	0	018F	8	00	16	2E	00	00	4D	00	00
51	22.826	0	0080	8	00	17	08	0C	2E	20	2E	7B
52	23.125	0	0081	8	40	84	45	00	00	00	00	CB
53	23.338	0	0260	8	05	2E	00	30	2E	9C	59	32
54	23.594	0	02A0	8	62	00	45	90	B2	2B	60	0B
55	24.064	0	0329	8	D7	A2	81	8C	11	2D	00	10
56	24.320	0	0370	8	FF	20	00	80	FF	00	00	A0
57	24.576	0	0382	8	40	FE	0F	00	00	00	00	08
58	24.832	0	043F	8	00	40	60	FF	50	8C	0B	00
59	25.088	0	0440	8	FF	00	00	00	FF	94	0B	00
60	25.344	0	04F2	8	20	00	E0	38	00	00	00	D6
61	25.600	0	04B0	8	00	80	00	00	00	40	00	80
62	25.856	0	0164	8	00	08	00	00	00	00	06	0E
63	26.112	0	0545	8	D8	1F	00	8C	7C	00	7F	00
64	26.368	0	0587	8	00	00	00	00	00	00	00	0D
65	29.952	0	04F2	8	20	00	30	38	00	00	00	9F
66	30.165	0	0153	8	00	80	10	FF	00	FF	00	8E
67	30.421	0	04F0	8	00	00	F8	00	00	6F	5D	00
68	30.677	0	0220	8	E6	33	04	24	09	30	FF	0F
69	31.018	0	02B0	5	E5	FF	00	07	84	-1	-1	-1
70	32.085	0	0165	8	0D	F8	7F	00	00	00	04	8E
71	32.341	0	0316	8	05	2F	36	0C	2F	20	00	7F
72	32.512	0	0050	4	00	83	00	00	-1	-1	-1	-1
73	32.768	0	018F	8	00	16	2F	00	00	4D	00	00
74	33.024	0	0080	8	00	17	36	0C	2F	20	2F	3C
75	33.280	0	0081	8	40	84	45	00	00	00	00	BC
76	33.493	0	0260	8	05	2F	00	30	2E	9C	5B	02
77	33.749	0	02A0	8	02	00	45	90	B2	2B	60	0B
78	33.962	0	0329	8	D7	A2	81	8C	11	2D	00	10
79	34.218	0	0370	8	FF	20	00	80	FF	00	00	64
80	34.474	0	043F	8	00	40	60	FF	50	8C	0B	00
81	34.687	0	0440	8	FF	50	00	00	FF	90	0B	00
82	34.943	0	04F0	8	00	00	AC	00	00	83	4F	0E
83	35.199	0	0545	8	D8	1F	00	8B	85	00	85	00
84	35.413	0	04B1	8	59	9E	EA	01	00	00	00	E2
85	35.669	0	0164	8	00	08	00	00	00	00	07	0F
86	35.925	0	04F1	8	40	19	00	00	00	00	00	00
87	36.181	0	051A	8	00	03	00	00	00	00	00	00
88	36.437	0	0690	8	03	00	00	20	80	00	38	00
89	36.650	0	0350	8	05	68	95	44	46	20	00	DA
90	40.106	0	0153	8	00	80	10	FF	00	FF	10	9E
91	40.362	0	01F1	8	00	99	00	00	00	00	00	00
92	40.575	0	0220	8	E6	3B	04	24	0C	30	FF	0F
93	41.045	0	02B0	5	E6	FF	00	07	A5	-1	-1	-1
94	42.111	0	0165	8	0D	F8	7F	00	00	00	05	8F
95	42.367	0	0018	8	00	00	00	60	00	00	20	00
96	42.623	0	0370	8	FF	20	00	80	FF	00	00	28
97	43.093	0	0316	8	05	2F	44	0C	2F	20	00	7F
98	43.349	0	0329	8	D7	A2	81	8C	11	2D	00	10
99	43.562	0	0080	8	00	17	44	0C	2F	20	2F	3D
100	43.818	0	0081	8	40	84	45	00	00	00	00	AD
