No	Time_Offset	Type	ID	Data_Length	One	Two	Three	Four	Five	Six	Seven	Eight
1	0.000	0	0329	8	D7	A2	81	8C	11	2D	00	10
2	0.299	0	0370	8	FF	20	00	80	FF	00	00	EC
3	0.555	0	043F	8	00	40	60	FF	50	58	0B	00
4	0.811	0	0440	8	FF	F0	00	00	FF	4C	0B	00
5	1.024	0	04F0	8	00	00	F2	00	00	83	4F	0E
6	1.280	0	0545	8	D8	1B	00	8A	8B	00	8C	00
7	1.536	0	04B1	8	59	9E	EA	01	00	00	00	E2
8	1.792	0	0164	8	00	08	00	00	00	00	0D	05
9	2.005	0	04F1	8	40	19	00	00	00	00	00	00
10	2.304	0	0690	8	03	00	00	20	80	00	14	00
11	2.560	0	0350	8	05	68	C5	44	46	20	00	8A
12	6.314	0	0153	8	00	80	10	FF	00	FF	B0	3E
13	6.570	0	01F1	8	00	99	00	00	00	00	00	00
14	6.784	0	0220	8	E6	2B	03	1C	0C	00	FF	0F
15	7.253	0	02B0	5	E5	FF	00	07	7B	-1	-1	-1
16	7.509	0	0165	8	0D	F8	7F	00	00	00	0B	81
17	8.320	0	0316	8	05	2F	D0	0B	2F	1E	00	7F
18	8.533	0	0260	8	05	2F	00	30	2E	9B	61	39
19	8.789	0	02A0	8	62	00	45	90	B2	2B	60	0B
20	9.301	0	0080	8	00	17	D0	0B	2F	1E	2F	C3
21	9.557	0	0081	8	40	84	45	00	00	00	00	43
22	9.770	0	018F	8	00	16	2F	00	00	4D	00	00
23	10.026	0	0329	8	D7	A2	81	8C	11	2D	00	10
24	10.240	0	0370	8	FF	20	00	80	FF	00	00	A0
25	10.496	0	0382	8	40	FE	0F	00	00	00	00	08
26	10.752	0	043F	8	00	40	60	FF	50	50	0B	00
27	11.008	0	0440	8	FF	00	00	00	FF	4C	0B	00
28	11.264	0	04F2	8	20	00	50	38	00	00	00	FA
29	11.477	0	0545	8	D8	1B	00	8B	8C	00	8D	00
30	11.733	0	04B0	8	00	80	00	40	00	40	00	80
31	11.989	0	0164	8	00	08	00	00	00	00	0E	06
32	16.085	0	04F2	8	20	00	A0	38	00	00	00	C3
33	16.341	0	0153	8	00	80	10	FF	00	FF	C0	4E
34	16.597	0	04F0	8	00	00	40	00	00	6F	5D	00
35	16.810	0	0220	8	E7	33	03	0C	0C	00	FF	0F
36	17.066	0	04F1	8	00	12	03	00	00	00	00	00
37	17.194	0	05F0	2	00	00	-1	-1	-1	-1	-1	-1
38	17.450	0	051A	8	00	03	00	00	00	00	00	00
39	17.621	0	02B0	5	E6	FF	00	07	3C	-1	-1	-1
40	17.877	0	0690	8	03	00	00	20	80	00	04	00
41	18.133	0	0165	8	0D	F8	7F	00	00	00	0C	86
42	18.346	0	0316	8	05	2F	D0	0B	2F	1E	00	7F
43	18.602	0	0260	8	05	2F	00	30	2E	9B	61	0C
44	18.858	0	018F	8	00	16	2F	00	00	4D	00	00
45	19.200	0	0080	8	00	17	D0	0B	2F	1E	2F	B4
46	19.456	0	0081	8	40	84	45	00	00	00	00	34
47	19.669	0	02A0	8	02	00	45	90	B2	2B	60	0B
48	19.925	0	0329	8	D7	A2	81	8C	11	2D	00	10
49	20.266	0	0370	8	FF	20	00	80	FF	00	00	64
50	20.522	0	043F	8	00	40	60	FF	50	50	0B	00
51	20.736	0	0440	8	FF	50	00	00	FF	50	0B	00
52	20.992	0	0545	8	D8	1B	00	8B	8C	00	8D	00
53	21.248	0	04F0	8	00	00	F4	00	00	83	4F	0E
54	21.461	0	04B1	8	59	9E	EA	01	00	00	00	E2
55	21.717	0	0164	8	00	08	00	00	00	00	0F	07
56	22.229	0	0350	8	05	68	D5	44	46	20	00	9A
57	26.282	0	0153	8	00	80	10	FF	00	FF	D0	5E
58	26.538	0	01F1	8	00	99	00	00	00	00	00	00
59	26.751	0	0220	8	E6	3B	08	2C	09	30	FF	0F
60	27.178	0	05E4	3	00	00	00	-1	-1	-1	-1	-1
61	27.434	0	0165	8	0D	F8	7F	00	00	00	0D	87
62	28.245	0	02B0	5	E6	FF	00	07	2D	-1	-1	-1
63	28.458	0	043F	8	00	40	60	FF	50	50	0B	00
64	28.714	0	0370	8	FF	20	00	80	FF	00	00	28
65	29.311	0	0440	8	FF	A0	00	00	FF	50	0B	00
66	29.567	0	0316	8	05	31	B8	0B	31	1E	00	7F
67	29.781	0	0260	8	05	31	00	30	2E	9B	69	10
68	30.037	0	02A0	8	A2	00	45	90	B2	2B	60	0B
69	30.293	0	0080	8	00	17	B8	0B	31	1E	31	E5
70	30.506	0	0081	8	40	84	45	00	00	00	00	25
71	30.762	0	018F	8	00	16	31	00	00	4D	00	00
72	30.975	0	0329	8	D7	A2	81	8C	11	2D	00	10
73	31.231	0	0382	8	40	FE	0F	00	00	00	00	0C
74	31.487	0	04F2	8	20	00	50	38	00	00	00	FB
75	31.743	0	04B0	8	00	C0	00	40	00	40	00	80
76	31.999	0	0164	8	00	08	00	00	00	00	00	08
77	32.213	0	0545	8	D8	1B	00	8C	A1	00	A1	00
78	36.309	0	0153	8	00	80	10	FF	00	FF	E0	6E
79	36.565	0	0220	8	E6	03	0B	04	0C	00	FF	0F
80	37.247	0	02B0	5	E5	FF	00	07	2E	-1	-1	-1
81	37.461	0	04F2	8	20	00	A0	38	00	00	00	C4
82	37.717	0	0165	8	0C	08	80	00	00	00	0E	8A
83	37.973	0	04F0	8	00	00	42	00	00	6F	5D	00
84	38.271	0	0316	8	05	31	B8	0B	31	1E	00	7F
85	38.485	0	0120	4	00	00	00	00	-1	-1	-1	-1
86	38.698	0	018F	8	00	16	31	00	00	4D	00	00
87	39.210	0	0080	8	00	17	B8	0B	31	1E	31	D6
88	39.466	0	0081	8	40	84	45	00	00	00	00	16
89	39.679	0	0260	8	05	31	00	30	2E	9B	69	2F
90	39.935	0	02A0	8	C2	00	45	90	B2	2B	60	0B
91	40.319	0	02C0	8	3D	00	00	00	00	00	00	00
92	40.533	0	0329	8	D7	A2	81	8C	11	2D	00	10
93	40.789	0	0370	8	FF	20	00	80	FF	00	00	EC
94	41.045	0	043F	8	00	40	60	FF	50	50	0B	00
95	41.343	0	0440	8	FF	F0	00	00	FF	50	0B	00
96	41.557	0	04B1	8	59	9E	EA	01	00	00	00	E2
97	41.813	0	0164	8	00	08	00	00	00	00	01	09
98	42.069	0	04F0	8	00	00	F6	00	00	83	4F	0E
99	42.325	0	0517	8	00	00	00	00	00	00	00	00
100	42.538	0	0545	8	D8	1B	00	8B	A2	00	A2	00
