No	Time_Offset	Type	ID	Data_Length	One	Two	Three	Four	Five	Six	Seven	Eight
1	0.000	0	0081	8	40	84	45	00	00	00	00	52
2	0.213	0	02A0	8	C2	00	45	90	B2	2B	60	0B
3	0.469	0	0329	8	0F	A2	81	8C	11	2D	00	10
4	0.725	0	0370	8	FF	20	00	80	FF	00	00	EC
5	0.981	0	043F	8	00	40	60	FF	50	50	0B	00
6	1.194	0	0440	8	FF	F0	00	00	FF	54	0B	00
7	1.450	0	04F0	8	00	00	A2	00	00	83	4F	0E
8	1.706	0	0545	8	D8	13	00	8B	85	00	85	00
9	1.962	0	04B1	8	59	9E	EA	01	00	00	00	E2
10	2.218	0	0164	8	00	08	00	00	00	00	0D	05
11	2.944	0	0350	8	05	68	45	44	46	20	00	0A
12	6.997	0	0153	8	00	80	10	FF	00	FF	70	FE
13	7.210	0	01F1	8	00	99	00	00	00	00	00	00
14	7.466	0	0220	8	E8	2B	04	3C	0C	30	FF	0F
15	7.893	0	02B0	5	E5	FF	00	07	7B	-1	-1	-1
16	8.917	0	0165	8	0D	F8	7F	00	00	00	0B	81
17	9.173	0	02A0	8	62	00	45	90	B2	2B	60	0B
18	9.429	0	0260	8	05	2D	00	30	2E	9B	5F	3E
19	9.642	0	0080	8	00	17	EE	0B	2D	1E	2D	13
20	9.898	0	0081	8	40	84	45	00	00	00	00	43
21	10.154	0	018F	8	00	16	2D	00	00	4D	00	00
22	10.368	0	0316	8	05	2D	EE	0B	2D	1E	00	7F
23	10.624	0	0329	8	0F	A2	81	8C	11	2D	00	10
24	10.880	0	0370	8	FF	20	00	80	FF	00	00	A0
25	11.093	0	0382	8	40	FE	0F	00	00	00	00	08
26	11.349	0	043F	8	00	40	60	FF	50	54	0B	00
27	11.605	0	0440	8	FF	00	00	00	FF	5C	0B	00
28	11.861	0	04F2	8	20	00	60	38	00	00	00	D2
29	12.074	0	0545	8	D8	13	00	8C	85	00	85	00
30	12.330	0	04B0	8	00	80	00	C0	00	40	00	80
31	12.586	0	0164	8	00	08	00	00	00	00	0E	06
32	16.639	0	04F2	8	20	00	B0	38	00	00	00	9B
33	16.938	0	04F0	8	00	00	F0	00	00	6F	5D	00
34	17.151	0	0153	8	00	80	10	FF	00	FF	80	0E
35	17.407	0	0220	8	EA	33	02	2C	0C	30	FF	0F
36	17.919	0	02B0	5	E5	FF	00	07	0C	-1	-1	-1
37	18.133	0	0165	8	0D	F8	7F	00	00	00	0C	86
38	18.986	0	0316	8	05	2D	EE	0B	2D	1E	00	7F
39	19.199	0	0329	8	0F	A2	81	8C	11	2D	00	10
40	19.455	0	0080	8	00	17	EE	0B	2D	1E	2D	04
41	19.711	0	0081	8	40	84	45	00	00	00	00	34
42	19.967	0	018F	8	00	16	2D	00	00	4D	00	00
43	20.223	0	0260	8	05	2D	00	30	2E	9B	5F	01
44	20.479	0	02A0	8	02	00	45	90	B2	2B	60	0B
45	20.693	0	0370	8	FF	20	00	80	FF	00	00	64
46	20.949	0	043F	8	00	40	60	FF	50	58	0B	00
47	21.205	0	0440	8	FF	50	00	00	FF	5C	0B	00
48	21.461	0	04F0	8	00	00	A4	00	00	83	4F	0E
49	21.674	0	0545	8	D8	13	00	8B	85	00	85	00
50	22.015	0	059B	8	00	00	00	00	00	00	00	88
51	22.271	0	04B1	8	59	9E	EA	01	00	00	00	E2
52	22.527	0	0164	8	00	08	00	00	00	00	0F	07
53	22.954	0	0350	8	05	68	55	44	46	20	00	1A
54	26.922	0	0153	8	00	80	10	FF	00	FF	90	1E
55	27.178	0	01F1	8	00	99	00	00	00	00	00	00
56	27.434	0	0220	8	EA	3B	03	1C	0C	00	FF	0F
57	27.946	0	02B0	5	E5	FF	00	07	1D	-1	-1	-1
58	28.202	0	0165	8	0D	F8	7F	00	00	00	0D	87
59	28.970	0	0316	8	05	2D	E2	0B	2E	1E	00	7F
60	29.226	0	0110	8	D0	3C	40	09	00	00	00	00
61	29.439	0	0260	8	05	2E	00	30	2E	9B	5F	1F
62	29.994	0	0080	8	00	17	E2	0B	2D	1E	2E	A5
63	30.250	0	0081	8	40	84	45	00	00	00	00	25
64	30.463	0	018F	8	00	16	2E	00	00	4D	00	00
65	30.719	0	02A0	8	A2	00	45	90	B2	2B	60	0B
66	30.933	0	0329	8	0F	A2	81	8C	11	2D	00	10
67	31.189	0	0370	8	FF	20	00	80	FF	00	00	28
68	31.445	0	0382	8	40	FE	0F	00	00	00	00	0C
69	31.701	0	043F	8	00	40	60	FF	50	54	0B	00
70	31.957	0	0440	8	FF	A0	00	00	FF	50	0B	00
71	32.213	0	04B0	8	00	C0	00	C0	00	40	00	80
72	32.426	0	0164	8	00	08	00	00	00	00	00	08
73	32.682	0	04F2	8	20	00	70	38	00	00	00	D3
74	32.938	0	0545	8	D8	13	00	8B	86	00	88	00
75	33.194	0	0587	8	00	00	00	00	00	00	00	08
76	36.650	0	04F2	8	20	00	C0	38	00	00	00	9C
77	36.906	0	04F0	8	00	00	F2	00	00	6F	5D	00
78	37.162	0	0153	8	00	80	10	FF	00	FF	A0	2E
79	37.375	0	0220	8	EA	03	03	14	0C	00	FF	0F
80	38.015	0	02B0	5	E5	FF	00	07	2E	-1	-1	-1
81	38.228	0	0165	8	0D	F8	7F	00	00	00	0E	84
82	38.996	0	0316	8	05	2D	E0	0B	2E	1E	00	7F
83	39.252	0	0260	8	05	2E	00	30	2E	9B	5F	2E
84	39.466	0	018F	8	00	16	2E	00	00	4D	00	00
85	39.722	0	0080	8	00	17	E0	0B	2D	1E	2E	B6
86	40.020	0	0081	8	40	84	45	00	00	00	00	16
87	40.234	0	02A0	8	C2	00	45	90	B2	2B	60	0B
88	40.490	0	0329	8	40	A2	81	8C	11	2D	00	10
89	40.703	0	0370	8	FF	20	00	80	FF	00	00	EC
90	41.002	0	043F	8	00	40	60	FF	50	48	0B	00
91	41.258	0	0440	8	FF	F0	00	00	FF	40	0B	00
92	41.471	0	04F0	8	00	00	A6	00	00	83	4F	0E
93	41.727	0	0545	8	D8	13	00	8B	86	00	88	00
94	41.983	0	04B1	8	59	9E	EA	01	00	00	00	E2
95	42.239	0	0164	8	00	08	00	00	00	00	01	09
96	42.495	0	04F1	8	40	19	00	00	00	00	00	00
97	42.751	0	0690	8	03	00	00	20	80	00	1C	00
98	43.007	0	0350	8	05	68	65	44	46	20	00	2A
99	46.975	0	0153	8	00	80	10	FF	00	FF	B0	3E
100	47.231	0	01F1	8	00	99	00	00	00	00	00	00
